     0/199     47.4G   0.05679   0.03617         0   0.09295       274      1920    0.4933    0.8934    0.8441    0.4733   0.03128   0.02982         0
     1/199     47.4G   0.04203   0.02454         0   0.06657       261      1920    0.5532    0.9036    0.8744    0.4761   0.03401   0.02706         0
     2/199     47.4G   0.04156   0.02372         0   0.06528       130      1920    0.5487    0.9183    0.8952    0.5541   0.02831   0.02636         0
     3/199     47.4G   0.03751   0.02323         0   0.06075       151      1920    0.6159    0.9194     0.903    0.6117   0.02433   0.02521         0
     4/199     47.4G   0.03359   0.02213         0   0.05571       121      1920    0.6435    0.9256    0.9139    0.6326   0.02302   0.02399         0
     5/199     47.4G   0.03168   0.02169         0   0.05338       146      1920    0.6185    0.9294     0.915     0.632   0.02213   0.02379         0
     6/199     47.4G   0.03152   0.02131         0   0.05283       140      1920    0.6488    0.9254    0.9167    0.6431   0.02195    0.0236         0
     7/199     47.4G   0.03007     0.021         0   0.05107       264      1920    0.6701    0.9227    0.9169    0.6431   0.02134   0.02343         0
     8/199     47.4G   0.02963   0.02081         0   0.05044       160      1920    0.6799    0.9295      0.92    0.6514   0.02097   0.02312         0
     9/199     47.4G   0.02875   0.02066         0   0.04941       198      1920    0.6462    0.9338    0.9193    0.6533   0.02044   0.02281         0
    10/199     47.4G   0.02873   0.02062         0   0.04935       102      1920    0.6587    0.9335    0.9231    0.6567    0.0205   0.02269         0
    11/199     47.4G   0.02849   0.02057         0   0.04906       109      1920    0.6904    0.9273     0.921     0.659   0.02036   0.02248         0
    12/199     47.4G   0.02835   0.02083         0   0.04918       330      1920    0.7403    0.9112    0.9184    0.6538   0.02074   0.02285         0
    13/199     47.4G   0.02838   0.02123         0   0.04961       178      1920    0.6816    0.9295    0.9223    0.6597   0.02029   0.02253         0
    14/199     47.4G   0.02768   0.01987         0   0.04755       387      1920     0.697    0.9288    0.9229    0.6616    0.0201   0.02241         0
    15/199     47.4G   0.02773    0.0209         0   0.04863       314      1920    0.7011    0.9309    0.9253    0.6628   0.01977   0.02232         0
    16/199     47.4G   0.02704   0.01992         0   0.04696       270      1920    0.7106    0.9256    0.9234    0.6614    0.0199   0.02228         0
    17/199     47.4G   0.02675   0.01989         0   0.04664       373      1920    0.7117    0.9271    0.9247    0.6615   0.01996   0.02232         0
    18/199     47.4G    0.0268   0.01969         0   0.04649       183      1920    0.7275    0.9303    0.9284    0.6727   0.01938   0.02178         0
    19/199     47.4G   0.02687      0.02         0   0.04687        47      1920    0.7231    0.9284    0.9268    0.6666   0.01957   0.02207         0
    20/199     47.4G   0.02687   0.01987         0   0.04674       150      1920    0.7269     0.931     0.928    0.6672   0.01925   0.02202         0
    21/199     47.4G   0.02618   0.01955         0   0.04573       109      1920    0.7003    0.9355    0.9292    0.6686   0.01955   0.02187         0
    22/199     47.4G    0.0267   0.01989         0   0.04659       195      1920    0.7181    0.9287    0.9249    0.6683   0.01928   0.02195         0
    23/199     47.4G   0.02623   0.01927         0    0.0455        84      1920    0.7124    0.9332    0.9286    0.6716   0.01895   0.02187         0
    24/199     47.4G   0.02612   0.01972         0   0.04584       298      1920     0.683    0.9403    0.9308    0.6721   0.01908   0.02189         0
    25/199     47.4G   0.02622   0.01972         0   0.04594       302      1920    0.7205    0.9313    0.9291    0.6757   0.01873   0.02166         0
    26/199     47.4G   0.02586   0.01959         0   0.04545       143      1920    0.7105    0.9352     0.929    0.6704   0.01902   0.02198         0
    27/199     47.4G   0.02586   0.01947         0   0.04533       203      1920    0.7006    0.9361    0.9293    0.6741   0.01896   0.02172         0
    28/199     47.4G   0.02621   0.01976         0   0.04597       229      1920     0.726    0.9326    0.9302     0.675     0.019    0.0217         0
    29/199     47.4G   0.02604   0.01944         0   0.04549       167      1920    0.7096    0.9351    0.9296    0.6734   0.01913   0.02172         0
    30/199     47.4G   0.02595   0.01945         0   0.04541       196      1920    0.7089    0.9344    0.9294    0.6714   0.01897    0.0217         0
    31/199     47.4G   0.02565   0.01897         0   0.04462       377      1920    0.7288    0.9329    0.9304    0.6723   0.01888    0.0216         0
    32/199     47.4G    0.0257   0.01948         0   0.04518       257      1920    0.7007    0.9345    0.9288     0.674   0.01898   0.02171         0
    33/199     47.4G   0.02549   0.01873         0   0.04422       254      1920    0.7165    0.9355     0.931    0.6779   0.01882   0.02168         0
    34/199     47.4G   0.02513   0.01872         0   0.04385       190      1920    0.7024    0.9393    0.9311    0.6774   0.01846   0.02148         0
    35/199     47.4G   0.02536   0.01902         0   0.04438       258      1920    0.7102    0.9385    0.9324    0.6791   0.01845   0.02148         0
    36/199     47.4G   0.02574   0.01927         0   0.04501       394      1920    0.7162    0.9351    0.9303    0.6778   0.01849   0.02141         0
    37/199     47.4G   0.02509   0.01883         0   0.04392       208      1920    0.7173    0.9388    0.9332    0.6802   0.01865    0.0214         0
    38/199     47.4G   0.02517   0.01887         0   0.04404       256      1920    0.7067     0.937    0.9311    0.6784   0.01879   0.02152         0
    39/199     47.4G   0.02547   0.01906         0   0.04453        74      1920    0.7428    0.9326    0.9331    0.6801   0.01834   0.02126         0
    40/199     47.4G   0.02591   0.01962         0   0.04552       161      1920    0.7108    0.9381    0.9327    0.6802   0.01844   0.02138         0
    41/199     47.4G   0.02532   0.01904         0   0.04436       159      1920     0.724     0.937    0.9327    0.6787   0.01856   0.02146         0
    42/199     47.4G    0.0253   0.01853         0   0.04383       271      1920    0.7344     0.935    0.9328    0.6823   0.01824   0.02133         0
    43/199     47.4G   0.02465   0.01827         0   0.04292       377      1920    0.7231    0.9391    0.9331    0.6817    0.0186   0.02129         0
    44/199     47.4G   0.02509   0.01906         0   0.04414       369      1920    0.7315    0.9362    0.9328    0.6811   0.01816   0.02125         0
    45/199     47.4G   0.02524   0.01889         0   0.04414       336      1920    0.7369    0.9367    0.9333    0.6842   0.01819   0.02105         0
    46/199     47.4G   0.02478    0.0191         0   0.04387       148      1920    0.7308    0.9379    0.9346    0.6839   0.01814   0.02107         0
    47/199     47.4G   0.02481   0.01859         0   0.04339       425      1920    0.7299    0.9411    0.9353    0.6867   0.01791   0.02102         0
    48/199     47.4G   0.02459   0.01862         0   0.04321       150      1920    0.7362    0.9358    0.9333    0.6861   0.01782   0.02104         0
    49/199     47.4G   0.02463   0.01875         0   0.04338       166      1920    0.7402     0.937    0.9336    0.6838   0.01797   0.02106         0
    50/199     47.4G   0.02474    0.0183         0   0.04304       165      1920    0.7356     0.936    0.9332    0.6852   0.01789   0.02103         0
    51/199     47.4G   0.02505   0.01907         0   0.04412       215      1920    0.7435     0.936    0.9332    0.6816   0.01809   0.02126         0
    52/199     47.4G   0.02467   0.01858         0   0.04325       318      1920    0.7441    0.9367    0.9345    0.6836   0.01799   0.02109         0
    53/199     47.4G   0.02456   0.01829         0   0.04285       163      1920    0.7315    0.9411    0.9375    0.6863   0.01793   0.02095         0
    54/199     47.4G   0.02472   0.01865         0   0.04337       235      1920    0.7144    0.9436    0.9357    0.6861    0.0182   0.02098         0
    55/199     47.4G   0.02468   0.01859         0   0.04327       311      1920    0.7213    0.9413    0.9362    0.6876   0.01793   0.02096         0
    56/199     47.4G   0.02465   0.01854         0   0.04319       224      1920    0.7253    0.9398    0.9346    0.6854   0.01782   0.02094         0
    57/199     47.4G   0.02398   0.01805         0   0.04202       201      1920    0.7404    0.9359    0.9344    0.6868   0.01779   0.02084         0
    58/199     47.4G   0.02466   0.01882         0   0.04348       173      1920    0.7171    0.9415    0.9356    0.6865   0.01813   0.02096         0
    59/199     47.4G   0.02434   0.01834         0   0.04267       357      1920    0.7321    0.9406    0.9362     0.689   0.01798   0.02088         0
    60/199     47.4G   0.02432   0.01864         0   0.04296       244      1920     0.743    0.9384    0.9358    0.6892   0.01771   0.02077         0
    61/199     47.4G   0.02395   0.01827         0   0.04222       196      1920    0.7419    0.9396    0.9362    0.6902   0.01763   0.02077         0
    62/199     47.4G   0.02399    0.0182         0    0.0422       249      1920     0.734    0.9393    0.9355    0.6897   0.01784   0.02082         0
    63/199     47.4G   0.02439   0.01859         0   0.04299       285      1920    0.7294    0.9427    0.9389     0.691   0.01775   0.02073         0
    64/199     47.4G   0.02375   0.01824         0   0.04199       341      1920      0.74    0.9406    0.9375    0.6911   0.01764   0.02069         0
    65/199     47.4G   0.02371   0.01803         0   0.04174       358      1920    0.7404    0.9418    0.9369    0.6913   0.01735   0.02068         0
    66/199     47.4G   0.02391   0.01817         0   0.04208       116      1920      0.75    0.9392    0.9364    0.6905   0.01746   0.02069         0
    67/199     47.4G   0.02419   0.01822         0   0.04241       137      1920    0.7417    0.9393    0.9368     0.691   0.01757   0.02073         0
    68/199     47.4G   0.02381   0.01839         0   0.04221       189      1920    0.7599    0.9354    0.9378     0.692   0.01738   0.02059         0
    69/199     47.4G   0.02386   0.01795         0    0.0418       249      1920    0.7377    0.9414    0.9373     0.692   0.01741   0.02062         0
    70/199     47.4G   0.02396   0.01834         0   0.04231       169      1920    0.7379    0.9417     0.939    0.6918   0.01754   0.02068         0
    71/199     47.4G   0.02403   0.01807         0    0.0421       163      1920     0.742    0.9406    0.9385    0.6933    0.0174   0.02057         0
    72/199     47.4G   0.02386   0.01827         0   0.04213       212      1920    0.7374    0.9409    0.9388    0.6932   0.01738   0.02056         0
    73/199     47.4G   0.02388   0.01813         0   0.04201       121      1920    0.7475     0.941    0.9394    0.6934   0.01755   0.02055         0
    74/199     47.4G   0.02399   0.01887         0   0.04287       160      1920    0.7505     0.938    0.9377     0.692   0.01735   0.02064         0
    75/199     47.4G   0.02372   0.01786         0   0.04158       157      1920    0.7561    0.9381    0.9392    0.6927   0.01735   0.02059         0
    76/199     47.4G   0.02394   0.01839         0   0.04233       213      1920    0.7547    0.9408    0.9402    0.6942   0.01746   0.02055         0
    77/199     47.4G   0.02348   0.01847         0   0.04195       254      1920    0.7448     0.944    0.9403    0.6952   0.01747   0.02052         0
    78/199     47.4G   0.02394   0.01794         0   0.04188       197      1920    0.7497    0.9422      0.94    0.6949   0.01746   0.02046         0
    79/199     47.4G   0.02298   0.01745         0   0.04043       249      1920    0.7557    0.9401    0.9399    0.6949   0.01736   0.02045         0
    80/199     47.4G   0.02375   0.01822         0   0.04197       449      1920    0.7519    0.9405    0.9396    0.6941   0.01729   0.02046         0
    81/199     47.4G   0.02304   0.01782         0   0.04086       137      1920     0.754    0.9402    0.9395    0.6946    0.0173    0.0205         0
    82/199     47.4G   0.02396   0.01866         0   0.04262       172      1920     0.752    0.9409    0.9378    0.6941   0.01733   0.02048         0
    83/199     47.4G   0.02358   0.01798         0   0.04156       244      1920    0.7531    0.9412    0.9394    0.6954    0.0173   0.02046         0
    84/199     47.4G   0.02338   0.01774         0   0.04112       256      1920      0.75    0.9421    0.9401    0.6954   0.01733   0.02044         0
    85/199     47.4G   0.02326   0.01795         0   0.04121       270      1920    0.7518     0.941    0.9387    0.6959   0.01736    0.0205         0
    86/199     47.4G   0.02328   0.01762         0   0.04091        83      1920     0.756    0.9402    0.9381    0.6943   0.01735   0.02051         0
    87/199     47.4G   0.02376   0.01838         0   0.04214       253      1920    0.7519    0.9404    0.9397    0.6955    0.0173   0.02049         0
    88/199     47.4G   0.02316     0.018         0   0.04116       180      1920    0.7527    0.9417    0.9394    0.6959   0.01723   0.02042         0
    89/199     47.4G   0.02325   0.01781         0   0.04106       134      1920    0.7578    0.9408    0.9382    0.6957   0.01717   0.02041         0
    90/199     47.4G   0.02309   0.01793         0   0.04102       121      1920    0.7523    0.9418    0.9392    0.6961   0.01705   0.02043         0
    91/199     47.4G   0.02314     0.018         0   0.04114       382      1920    0.7544    0.9414    0.9382    0.6964   0.01705   0.02037         0
    92/199     47.4G    0.0233   0.01791         0   0.04121       522      1920     0.755    0.9411     0.939    0.6962   0.01707   0.02041         0
    93/199     47.4G   0.02311    0.0177         0    0.0408        78      1920    0.7538    0.9414    0.9399    0.6963   0.01707   0.02039         0
    94/199     47.4G   0.02325   0.01809         0   0.04134       137      1920     0.754    0.9407    0.9389    0.6963   0.01713   0.02036         0
    95/199     47.4G   0.02255   0.01763         0   0.04018       211      1920    0.7539    0.9423    0.9403    0.6962   0.01714   0.02036         0
    96/199     47.4G     0.023   0.01774         0   0.04073       169      1920    0.7543    0.9417    0.9405    0.6968   0.01712   0.02036         0
    97/199     47.4G   0.02302   0.01778         0    0.0408       147      1920    0.7552    0.9421    0.9409    0.6967   0.01713   0.02037         0
    98/199     47.4G   0.02278   0.01761         0   0.04038       309      1920    0.7588    0.9408    0.9406    0.6971   0.01708   0.02038         0
    99/199     47.4G   0.02285   0.01744         0   0.04029       286      1920    0.7589    0.9409    0.9409    0.6971   0.01705   0.02036         0
   100/199     47.4G   0.02225   0.01701         0   0.03925       203      1920    0.7635    0.9407    0.9406    0.6974   0.01702   0.02032         0
   101/199     47.4G   0.02282   0.01746         0   0.04029       186      1920    0.7636    0.9407    0.9404    0.6979   0.01701    0.0203         0
   102/199     47.4G   0.02268   0.01763         0   0.04031       169      1920    0.7607    0.9411    0.9408    0.6971   0.01703   0.02028         0
   103/199     47.4G   0.02258    0.0176         0   0.04019       103      1920     0.765    0.9403    0.9407    0.6975   0.01699   0.02028         0
   104/199     47.4G   0.02269   0.01738         0   0.04007       230      1920    0.7615    0.9408    0.9399    0.6974   0.01692    0.0203         0
   105/199     47.4G    0.0226   0.01752         0   0.04011       288      1920    0.7601    0.9417    0.9409    0.6978   0.01688   0.02029         0
   106/199     47.4G   0.02235   0.01742         0   0.03976       327      1920    0.7592    0.9411    0.9408    0.6981   0.01683   0.02028         0
   107/199     47.4G   0.02221   0.01687         0   0.03908       184      1920    0.7586    0.9418     0.941    0.6987   0.01678   0.02027         0
   108/199     47.4G   0.02238   0.01729         0   0.03967       200      1920     0.762    0.9415    0.9409    0.6985   0.01674   0.02028         0
   109/199     47.4G   0.02231   0.01704         0   0.03935       162      1920    0.7605    0.9422    0.9407    0.6979   0.01676    0.0203         0
   110/199     47.4G   0.02221   0.01717         0   0.03937        75      1920    0.7603    0.9414    0.9408    0.6987   0.01679   0.02029         0
   111/199     47.4G   0.02241   0.01718         0   0.03959       346      1920    0.7628    0.9417    0.9407    0.6981   0.01687   0.02032         0
   112/199     47.4G   0.02256   0.01723         0   0.03979       168      1920    0.7613    0.9423    0.9408    0.6983   0.01689   0.02031         0
   113/199     47.4G   0.02243   0.01761         0   0.04004       275      1920    0.7604    0.9428    0.9412    0.6986    0.0169    0.0203         0
   114/199     47.4G   0.02237   0.01711         0   0.03948        73      1920    0.7609    0.9426    0.9414    0.6991   0.01689   0.02028         0
   115/199     47.4G   0.02216   0.01706         0   0.03921       328      1920    0.7629    0.9417    0.9413    0.6988   0.01687   0.02029         0
   116/199     47.4G   0.02231   0.01713         0   0.03944       291      1920    0.7635     0.942    0.9411    0.6987   0.01686   0.02028         0
   117/199     47.4G   0.02223   0.01708         0   0.03931        69      1920    0.7639    0.9425    0.9415    0.6995   0.01684   0.02027         0
   118/199     47.4G   0.02194   0.01702         0   0.03896       129      1920    0.7623    0.9427    0.9415    0.6991   0.01678   0.02026         0
   119/199     47.4G   0.02207     0.017         0   0.03907       183      1920    0.7616    0.9428     0.942    0.6994   0.01676   0.02026         0
   120/199     47.4G   0.02196   0.01684         0    0.0388       339      1920    0.7601    0.9427    0.9417    0.6997   0.01675   0.02025         0
   121/199     47.4G   0.02199   0.01712         0   0.03911       277      1920    0.7598    0.9433    0.9416    0.6993   0.01674   0.02024         0
   122/199     47.4G   0.02194   0.01687         0   0.03881        96      1920    0.7598    0.9434    0.9418    0.6995   0.01673   0.02024         0
   123/199     47.4G    0.0222   0.01732         0   0.03952       288      1920    0.7598     0.943     0.942    0.6998   0.01671   0.02024         0
   124/199     47.4G   0.02208   0.01719         0   0.03927       323      1920    0.7589    0.9436     0.942    0.6995   0.01667   0.02024         0
   125/199     47.4G   0.02166   0.01654         0    0.0382       224      1920    0.7593    0.9443    0.9423       0.7   0.01664   0.02024         0
   126/199     47.4G   0.02171   0.01673         0   0.03843       167      1920     0.759    0.9442    0.9425    0.6999   0.01663   0.02023         0
   127/199     47.4G   0.02145    0.0163         0   0.03775       242      1920    0.7597    0.9442    0.9423    0.7001   0.01662   0.02023         0
   128/199     47.4G   0.02148    0.0169         0   0.03838       404      1920    0.7607    0.9436    0.9424       0.7   0.01662   0.02022         0
   129/199     47.4G   0.02147   0.01678         0   0.03825       161      1920    0.7605    0.9437    0.9423    0.6999   0.01662   0.02021         0
   130/199     47.4G   0.02211   0.01701         0   0.03911       135      1920     0.762    0.9433    0.9424    0.7003   0.01664   0.02021         0
   131/199     47.4G   0.02159   0.01688         0   0.03847       128      1920    0.7617    0.9438    0.9428    0.7004   0.01664    0.0202         0
   132/199     47.4G   0.02158   0.01698         0   0.03856       170      1920    0.7612    0.9442    0.9429    0.7005   0.01666    0.0202         0
   133/199     47.4G   0.02098    0.0164         0   0.03737       266      1920    0.7623    0.9439    0.9428    0.7004   0.01668   0.02021         0
   134/199     47.4G   0.02156   0.01681         0   0.03837       194      1920    0.7633    0.9438    0.9423    0.7003   0.01669   0.02022         0
   135/199     47.4G   0.02137    0.0161         0   0.03747       395      1920    0.7641    0.9438    0.9423    0.7003    0.0167   0.02022         0
   136/199     47.4G   0.02116   0.01683         0   0.03799       364      1920    0.7646    0.9439    0.9425    0.7006   0.01669   0.02022         0
   137/199     47.4G    0.0212   0.01658         0   0.03778       142      1920     0.764     0.944    0.9422    0.7005    0.0167   0.02022         0
   138/199     47.4G   0.02117   0.01654         0   0.03771       283      1920    0.7636     0.944    0.9424    0.7005   0.01671   0.02022         0
   139/199     47.4G   0.02098   0.01598         0   0.03696       319      1920    0.7637    0.9442    0.9423    0.7004   0.01672   0.02023         0
   140/199     47.4G   0.02103   0.01635         0   0.03738       252      1920    0.7645    0.9443    0.9424    0.7005   0.01672   0.02023         0
   141/199     47.4G   0.02107   0.01656         0   0.03764       184      1920    0.7645    0.9443    0.9422    0.7004   0.01672   0.02023         0
   142/199     47.4G   0.02104   0.01609         0   0.03713       408      1920    0.7637    0.9441    0.9423    0.7004   0.01671   0.02024         0
   143/199     47.4G   0.02106   0.01662         0   0.03768        75      1920    0.7639    0.9442    0.9422    0.7004   0.01671   0.02024         0
   144/199     47.4G     0.021   0.01625         0   0.03725       218      1920    0.7636    0.9445    0.9424    0.7003   0.01671   0.02025         0
   145/199     47.4G   0.02084   0.01611         0   0.03695       106      1920     0.765    0.9441    0.9423    0.7002   0.01669   0.02025         0
   146/199     47.4G   0.02126   0.01651         0   0.03777       242      1920    0.7653    0.9444    0.9423    0.7001   0.01669   0.02025         0
   147/199     47.4G   0.02095   0.01636         0   0.03731       116      1920     0.765    0.9445     0.942    0.7002   0.01669   0.02025         0
   148/199     47.4G    0.0213    0.0166         0    0.0379       468      1920    0.7648    0.9441    0.9424    0.7002   0.01668   0.02025         0
   149/199     47.4G   0.02095   0.01626         0   0.03722       185      1920    0.7653    0.9438    0.9422    0.7002   0.01668   0.02026         0
   150/199     47.4G   0.02093   0.01598         0   0.03691       142      1920    0.7652    0.9437    0.9423    0.7001   0.01668   0.02026         0
   151/199     47.4G   0.02092   0.01648         0    0.0374       181      1920    0.7651     0.944    0.9424    0.7001   0.01668   0.02026         0
   152/199     47.4G    0.0211   0.01588         0   0.03698       265      1920    0.7658    0.9444    0.9425    0.6998   0.01667   0.02026         0
   153/199     47.4G   0.02056   0.01602         0   0.03659       200      1920    0.7658    0.9445    0.9423    0.7001   0.01666   0.02027         0
   154/199     47.4G    0.0208   0.01603         0   0.03683       385      1920    0.7658    0.9444    0.9423    0.6997   0.01665   0.02027         0
   155/199     47.4G   0.02083   0.01644         0   0.03727       170      1920    0.7658    0.9444    0.9424    0.6999   0.01664   0.02027         0
   156/199     47.4G   0.02118   0.01643         0   0.03761       315      1920    0.7663    0.9441    0.9421    0.6999   0.01664   0.02027         0
   157/199     47.4G   0.02068   0.01633         0   0.03701        83      1920    0.7665    0.9441    0.9421    0.7001   0.01663   0.02027         0
   158/199     47.4G   0.02063   0.01563         0   0.03627       178      1920    0.7668     0.944    0.9423    0.7001   0.01663   0.02027         0
   159/199     47.4G   0.02069   0.01617         0   0.03686       209      1920     0.767    0.9439    0.9423    0.7001   0.01663   0.02027         0
   160/199     47.4G   0.02058    0.0162         0   0.03678       184      1920    0.7669    0.9438    0.9423    0.7002   0.01663   0.02027         0
   161/199     47.4G   0.02038   0.01584         0   0.03622       268      1920    0.7665     0.944    0.9419    0.7003   0.01663   0.02026         0
   162/199     47.4G   0.02036   0.01599         0   0.03635       139      1920    0.7672     0.944    0.9422    0.7003   0.01663   0.02027         0
   163/199     47.4G    0.0203   0.01582         0   0.03612       335      1920    0.7677    0.9441    0.9423    0.7005   0.01663   0.02027         0
   164/199     47.4G   0.02046   0.01586         0   0.03631       174      1920    0.7681     0.944    0.9423    0.7002   0.01664   0.02027         0
   165/199     47.4G   0.02047   0.01601         0   0.03648       107      1920    0.7682    0.9438     0.942    0.7001   0.01664   0.02027         0
   166/199     47.4G   0.02043   0.01597         0    0.0364       332      1920    0.7689    0.9441    0.9425    0.7001   0.01664   0.02027         0
   167/199     47.4G   0.02039   0.01612         0   0.03651       274      1920    0.7693    0.9444    0.9424    0.7001   0.01665   0.02027         0
   168/199     47.4G   0.02046   0.01618         0   0.03664       246      1920    0.7691    0.9443    0.9422    0.6998   0.01665   0.02027         0
   169/199     47.4G   0.02052   0.01621         0   0.03672        89      1920    0.7696    0.9442    0.9424    0.6999   0.01665   0.02027         0
   170/199     47.4G   0.02015    0.0156         0   0.03574       145      1920     0.769    0.9438    0.9423    0.7003   0.01665   0.02027         0
   171/199     47.4G   0.02019   0.01546         0   0.03565       304      1920    0.7687    0.9438    0.9418       0.7   0.01665   0.02028         0
   172/199     47.4G   0.02016   0.01587         0   0.03603       242      1920    0.7686    0.9439    0.9419    0.7001   0.01665   0.02028         0
   173/199     47.4G   0.01989   0.01553         0   0.03541       205      1920    0.7688    0.9441    0.9419    0.7001   0.01665   0.02028         0
   174/199     47.4G   0.02028   0.01562         0    0.0359       124      1920    0.7688    0.9438     0.942    0.7002   0.01666   0.02029         0
   175/199     47.4G   0.01997   0.01516         0   0.03512        73      1920    0.7693    0.9437    0.9422    0.7003   0.01666   0.02029         0
   176/199     47.4G   0.02022   0.01564         0   0.03586       212      1920    0.7692    0.9437    0.9421    0.7002   0.01666   0.02029         0
   177/199     47.4G   0.02016   0.01588         0   0.03604       253      1920     0.769    0.9435    0.9417    0.7001   0.01666    0.0203         0
   178/199     47.4G   0.01994   0.01528         0   0.03522       376      1920    0.7693    0.9435    0.9418       0.7   0.01666    0.0203         0
   179/199     47.4G   0.02007   0.01543         0    0.0355       306      1920    0.7694    0.9437    0.9419    0.7001   0.01666    0.0203         0
   180/199     47.4G   0.02034    0.0158         0   0.03614       322      1920    0.7692    0.9438    0.9419       0.7   0.01666    0.0203         0
   181/199     47.4G   0.01997   0.01519         0   0.03516       135      1920    0.7694    0.9435    0.9417    0.6998   0.01666    0.0203         0
   182/199     47.4G   0.02023   0.01559         0   0.03582       150      1920    0.7695    0.9433    0.9416    0.6998   0.01666    0.0203         0
   183/199     47.4G   0.02017   0.01582         0   0.03599       275      1920    0.7691    0.9434    0.9417    0.6998   0.01666   0.02031         0
   184/199     47.4G   0.01995   0.01541         0   0.03536       129      1920    0.7695    0.9435    0.9416    0.7001   0.01666   0.02031         0
   185/199     47.4G   0.01999   0.01566         0   0.03565       542      1920    0.7694    0.9434    0.9413    0.6999   0.01666   0.02031         0
   186/199     47.4G   0.01986   0.01583         0   0.03569       348      1920    0.7701    0.9437    0.9416    0.6998   0.01666   0.02031         0
   187/199     47.4G   0.01998   0.01555         0   0.03553       201      1920    0.7704    0.9435    0.9416    0.6998   0.01666   0.02031         0
   188/199     47.4G   0.01979   0.01538         0   0.03516       165      1920    0.7704    0.9434    0.9418    0.6998   0.01666   0.02032         0
   189/199     47.4G   0.01949   0.01509         0   0.03458       248      1920    0.7706    0.9434    0.9419    0.6999   0.01666   0.02032         0
   190/199     47.4G   0.01983   0.01522         0   0.03504       178      1920    0.7707    0.9432     0.942    0.6999   0.01666   0.02033         0
   191/199     47.4G   0.01983   0.01523         0   0.03506       241      1920    0.7708    0.9434     0.942    0.6998   0.01666   0.02033         0
   192/199     47.4G   0.01958   0.01524         0   0.03482       119      1920    0.7709    0.9435     0.942    0.6998   0.01666   0.02033         0
   193/199     47.4G      0.02   0.01545         0   0.03545       543      1920    0.7707    0.9435    0.9417    0.6996   0.01666   0.02033         0
   194/199     47.4G   0.01976   0.01537         0   0.03513       460      1920    0.7713    0.9437     0.942    0.6997   0.01666   0.02033         0
   195/199     47.4G   0.01965   0.01534         0   0.03499       221      1920     0.772    0.9436    0.9418    0.6997   0.01666   0.02033         0
   196/199     47.4G   0.01989   0.01571         0    0.0356       184      1920     0.772    0.9434    0.9416    0.6996   0.01667   0.02034         0
   197/199     47.4G   0.01984   0.01549         0   0.03534       342      1920    0.7722    0.9434    0.9413    0.6995   0.01667   0.02034         0
   198/199     47.4G   0.01981   0.01498         0   0.03479        84      1920    0.7723    0.9434    0.9414    0.6995   0.01667   0.02035         0
   199/199     47.4G   0.01972   0.01558         0    0.0353       194      1920    0.7724    0.9434    0.9415    0.6996   0.01667   0.02035         0
