      0/29     41.9G   0.01466    0.0063         0   0.02096         6      2560    0.6928    0.8943    0.9041    0.7125   0.01724   0.00893         0
      1/29     41.3G   0.01281  0.004474         0   0.01728        10      2560    0.6413    0.9132    0.9073    0.7292   0.01742  0.008441         0
      2/29     41.3G   0.01296  0.004323         0   0.01729         3      2560    0.7241    0.9321    0.9441    0.6802   0.02015  0.007886         0
      3/29     41.3G   0.01765  0.004614         0   0.02226         3      2560    0.8644    0.8658     0.912    0.6015   0.02157  0.009915         0
      4/29     41.3G   0.02034  0.004994         0   0.02533         7      2560    0.7549    0.8679    0.8942    0.6517   0.02245  0.009438         0
      5/29     41.3G   0.01746  0.004756         0   0.02221         5      2560    0.7428    0.8943    0.9164    0.6627   0.01896   0.00871         0
      6/29     41.3G   0.01825  0.004986         0   0.02324        13      2560    0.7819    0.9208    0.9494    0.7052   0.01828  0.007743         0
      7/29     41.3G    0.0162  0.004365         0   0.02057        19      2560      0.68    0.9283    0.9401    0.7046   0.01856   0.00804         0
      8/29     41.3G   0.01659  0.004764         0   0.02135        17      2560    0.8232    0.9547    0.9619    0.7204   0.01807  0.007452         0
      9/29     41.3G     0.016  0.004534         0   0.02053        13      2560    0.8228    0.9547    0.9712    0.7367   0.01746  0.007117         0
     10/29     41.3G   0.01499  0.004232         0   0.01922         7      2560     0.783    0.9774    0.9772    0.7516   0.01616  0.006691         0
     11/29     41.3G   0.01517  0.004495         0   0.01967         4      2560    0.8395    0.9849    0.9884    0.7944   0.01474  0.006071         0
     12/29     41.3G   0.01389  0.004057         0   0.01795        11      2560    0.7438    0.9849    0.9856     0.771   0.01516  0.006213         0
     13/29     41.3G   0.01379  0.003836         0   0.01763        13      2560    0.7847    0.9774    0.9807    0.7565   0.01556   0.00624         0
     14/29     41.3G   0.01337  0.003923         0   0.01729         8      2560    0.8809    0.9887    0.9911     0.825   0.01268  0.005565         0
     15/29     41.3G   0.01201  0.003599         0   0.01561         9      2560    0.8942    0.9811    0.9848    0.8227   0.01243  0.005385         0
     16/29     41.3G   0.01175  0.003568         0   0.01531        13      2560    0.9275    0.9177    0.9416    0.7604   0.01553   0.00735         0
     17/29     41.3G    0.0113  0.003484         0   0.01478         3      2560    0.8823    0.9849    0.9906    0.8284   0.01279  0.005354         0
     18/29     41.3G   0.01054   0.00337         0   0.01391         7      2560    0.8649    0.9887    0.9907     0.826   0.01257  0.005191         0
     19/29     41.3G   0.01157  0.003619         0   0.01519        12      2560    0.9153    0.9925    0.9934    0.8662   0.01109  0.004574         0
     20/29     41.3G    0.0102  0.003407         0   0.01361        10      2560    0.8625    0.9887    0.9912    0.8586   0.01097  0.004915         0
     21/29     41.3G   0.01079   0.00355         0   0.01434        19      2560    0.8437    0.9925    0.9931    0.8838   0.01013  0.004486         0
     22/29     41.3G  0.009311   0.00309         0    0.0124         7      2560    0.8461    0.9925    0.9938    0.8851      0.01  0.004425         0
     23/29     41.3G  0.008844  0.003072         0   0.01192        15      2560    0.9205    0.9925    0.9945    0.8922  0.009669  0.004167         0
     24/29     41.3G  0.009708  0.003256         0   0.01296         6      2560    0.9303    0.9925    0.9945     0.895  0.009472  0.004152         0
     25/29     41.3G    0.0089  0.003214         0   0.01211         6      2560    0.9463    0.9925    0.9945    0.8936  0.009322  0.004076         0
     26/29     41.3G  0.008712  0.002838         0   0.01155         9      2560    0.9337    0.9925    0.9946    0.9015  0.009045  0.004023         0
     27/29     41.3G  0.008679   0.00295         0   0.01163        10      2560    0.9266    0.9962    0.9946    0.9025  0.008842  0.003877         0
     28/29     41.3G  0.008456  0.002915         0   0.01137         3      2560    0.9111    0.9962    0.9944    0.9032  0.008842  0.003837         0
     29/29     41.3G  0.008493  0.002826         0   0.01132         9      2560    0.9199    0.9962    0.9944    0.9113  0.008416  0.003761         0
