     0/199     34.2G   0.05734    0.0419         0   0.09924       274      1536    0.4615    0.8822    0.8353    0.4635   0.02957   0.03724         0
     1/199     33.7G   0.04273   0.03015         0   0.07289       261      1536    0.4627    0.9048    0.8377    0.4869   0.03264   0.03461         0
     2/199     33.7G   0.04219   0.02927         0   0.07146       130      1536    0.4833    0.9103    0.8775    0.5517   0.02651   0.03366         0
     3/199     33.7G   0.03863   0.02911         0   0.06774       150      1536    0.6142    0.8969     0.883    0.5894   0.02358    0.0323         0
     4/199     33.7G   0.03509   0.02809         0   0.06319       121      1536    0.5961    0.9074    0.8911    0.6053   0.02256   0.03136         0
     5/199     33.7G   0.03322   0.02759         0   0.06081       146      1536    0.5991    0.9129    0.8944    0.5964   0.02214   0.03081         0
     6/199     33.7G   0.03195   0.02663         0   0.05858       140      1536     0.621    0.9099    0.8975    0.6151   0.02161   0.03045         0
     7/199     33.7G   0.03134   0.02674         0   0.05808       263      1536    0.6201    0.9087    0.8971    0.6094   0.02167   0.03053         0
     8/199     33.7G   0.03016    0.0263         0   0.05647       160      1536    0.6295    0.9178    0.9029    0.6322   0.02034   0.02973         0
     9/199     33.7G   0.02932    0.0262         0   0.05552       193      1536    0.6498    0.9131    0.9032     0.628   0.02036   0.02964         0
    10/199     33.7G   0.02948   0.02587         0   0.05535       102      1536    0.6274    0.9224    0.9084    0.6288   0.02018    0.0294         0
    11/199     33.7G   0.02926   0.02609         0   0.05536       109      1536    0.6507    0.9096     0.901    0.6291   0.02018   0.02977         0
    12/199     33.7G   0.02869   0.02581         0    0.0545       330      1536    0.6623    0.9206    0.9112    0.6377   0.01964   0.02887         0
    13/199     33.7G   0.02823   0.02601         0   0.05424       178      1536    0.6155     0.922    0.9071    0.6366    0.0194   0.02898         0
    14/199     33.7G   0.02818   0.02496         0   0.05314       387      1536    0.6815     0.921     0.913    0.6461   0.01901    0.0287         0
    15/199     33.7G   0.02813   0.02596         0   0.05409       314      1536    0.6671    0.9188    0.9112     0.644   0.01916   0.02868         0
    16/199     33.7G   0.02784   0.02513         0   0.05298       270      1536    0.6803    0.9216    0.9147    0.6456   0.01901   0.02838         0
    17/199     33.7G   0.02722    0.0248         0   0.05202       371      1536    0.6852    0.9147    0.9106    0.6422   0.01908   0.02846         0
    18/199     33.7G   0.02741   0.02476         0   0.05216       183      1536    0.6733    0.9222    0.9138    0.6469   0.01892   0.02865         0
    19/199     33.7G   0.02736   0.02485         0   0.05221        47      1536      0.71    0.9148    0.9128    0.6472   0.01862   0.02823         0
    20/199     33.7G   0.02709   0.02493         0   0.05203       146      1536    0.6986    0.9178    0.9138    0.6482   0.01887   0.02847         0
    21/199     33.7G   0.02723   0.02498         0   0.05221       105      1536    0.6814    0.9224    0.9152    0.6497   0.01859   0.02827         0
    22/199     33.7G   0.02716   0.02478         0   0.05195       191      1536    0.6697    0.9283    0.9178    0.6543   0.01847   0.02801         0
    23/199     33.7G    0.0265   0.02409         0   0.05058        84      1536    0.6917    0.9239     0.918    0.6555   0.01837   0.02779         0
    24/199     33.7G   0.02656   0.02472         0   0.05129       298      1536    0.7041    0.9206    0.9171    0.6534   0.01838   0.02801         0
    25/199     33.7G   0.02688   0.02503         0   0.05192       300      1536    0.6893    0.9233    0.9163    0.6529   0.01861    0.0283         0
    26/199     33.7G   0.02746   0.02553         0   0.05299       143      1536    0.6839    0.9202    0.9144    0.6474   0.01879   0.02839         0
    27/199     33.7G   0.02631    0.0245         0   0.05081       197      1536    0.7049    0.9204    0.9165    0.6571   0.01815   0.02775         0
    28/199     33.7G   0.02619   0.02415         0   0.05034       229      1536    0.7007    0.9256    0.9195    0.6586   0.01825   0.02771         0
    29/199     33.7G   0.02621   0.02405         0   0.05026       167      1536    0.6984    0.9229    0.9172    0.6563    0.0181   0.02781         0
    30/199     33.7G   0.02623   0.02428         0   0.05051       196      1536    0.6882    0.9272    0.9205    0.6565   0.01811   0.02758         0
    31/199     33.7G   0.02588   0.02369         0   0.04957       377      1536    0.6951    0.9242    0.9191    0.6583   0.01802   0.02764         0
    32/199     33.7G   0.02595    0.0243         0   0.05024       257      1536    0.6936    0.9267    0.9197    0.6584   0.01784   0.02753         0
    33/199     33.7G   0.02556    0.0233         0   0.04886       254      1536    0.7004    0.9256    0.9205    0.6601   0.01801   0.02751         0
    34/199     33.7G   0.02545   0.02348         0   0.04893       190      1536    0.7121    0.9224    0.9188    0.6592    0.0178   0.02756         0
    35/199     33.7G   0.02524   0.02351         0   0.04875       258      1536     0.712    0.9259      0.92    0.6618   0.01771   0.02737         0
    36/199     33.7G   0.02604   0.02408         0   0.05012       386      1536    0.7208    0.9221    0.9204     0.661   0.01788   0.02734         0
    37/199     33.7G   0.02535   0.02353         0   0.04888       208      1536    0.6961    0.9293     0.922     0.663   0.01781   0.02726         0
    38/199     33.7G   0.02555   0.02383         0   0.04938       256      1536    0.6615      0.93    0.9196    0.6591    0.0179   0.02745         0
    39/199     33.7G   0.02595   0.02409         0   0.05005        74      1536    0.7093    0.9254    0.9213    0.6611   0.01775   0.02743         0
    40/199     33.7G   0.02595   0.02417         0   0.05013       161      1536    0.7015    0.9265    0.9202    0.6625   0.01769   0.02748         0
    41/199     33.7G    0.0255    0.0239         0   0.04939       157      1536    0.7049    0.9278    0.9219    0.6632   0.01763   0.02725         0
    42/199     33.7G    0.0255   0.02317         0   0.04866       267      1536      0.71    0.9276    0.9237     0.665   0.01749   0.02714         0
    43/199     33.7G   0.02506   0.02291         0   0.04797       377      1536    0.6943     0.932    0.9232    0.6663   0.01748   0.02727         0
    44/199     33.7G   0.02554   0.02396         0   0.04951       369      1536    0.7108     0.925    0.9211    0.6639    0.0175   0.02729         0
    45/199     33.7G   0.02583   0.02383         0   0.04966       332      1536    0.7053    0.9293    0.9225    0.6668   0.01735   0.02707         0
    46/199     33.7G   0.02501   0.02405         0   0.04907       148      1536      0.71     0.928    0.9233    0.6663   0.01736   0.02704         0
    47/199     33.7G   0.02509   0.02351         0   0.04861       413      1536    0.7157    0.9263    0.9222     0.667   0.01736   0.02716         0
    48/199     33.7G   0.02536   0.02379         0   0.04915       150      1536    0.7144    0.9288    0.9233    0.6692   0.01723   0.02691         0
    49/199     33.7G   0.02509   0.02357         0   0.04866       166      1536    0.7244    0.9275    0.9246    0.6694   0.01728   0.02697         0
    50/199     33.7G    0.0253   0.02339         0   0.04868       159      1536    0.7037    0.9293    0.9226     0.665   0.01731   0.02701         0
    51/199     33.7G   0.02537   0.02377         0   0.04914       215      1536    0.7206    0.9275    0.9234     0.668   0.01718    0.0269         0
    52/199     33.7G   0.02519   0.02358         0   0.04877       318      1536    0.7135     0.928     0.923     0.667   0.01736   0.02701         0
    53/199     33.7G   0.02468   0.02306         0   0.04774       163      1536    0.7233     0.929    0.9246    0.6699   0.01718   0.02673         0
    54/199     33.7G   0.02462   0.02313         0   0.04775       235      1536    0.7024    0.9334    0.9255    0.6712   0.01704   0.02676         0
    55/199     33.7G   0.02474   0.02325         0   0.04799       311      1536    0.7025    0.9323    0.9257    0.6707   0.01707   0.02673         0
    56/199     33.7G   0.02462   0.02313         0   0.04775       224      1536    0.7136    0.9305    0.9251    0.6691   0.01702   0.02674         0
    57/199     33.7G   0.02417   0.02249         0   0.04666       201      1536    0.7112    0.9322    0.9274    0.6728   0.01696   0.02657         0
    58/199     33.7G   0.02461   0.02337         0   0.04798       173      1536    0.7001    0.9351    0.9279    0.6736   0.01684   0.02654         0
    59/199     33.7G   0.02427   0.02287         0   0.04714       351      1536    0.7122    0.9327    0.9258    0.6732   0.01691   0.02659         0
    60/199     33.7G   0.02405   0.02319         0   0.04724       243      1536    0.7233    0.9313    0.9287    0.6746   0.01684   0.02652         0
    61/199     33.7G   0.02457   0.02335         0   0.04792       196      1536    0.7167    0.9317    0.9264    0.6722   0.01697   0.02656         0
    62/199     33.7G   0.02462    0.0235         0   0.04811       249      1536    0.7029    0.9328    0.9256    0.6712   0.01701   0.02683         0
    63/199     33.7G   0.02481   0.02349         0    0.0483       280      1536    0.7075     0.933    0.9271    0.6728   0.01682   0.02661         0
    64/199     33.7G   0.02408     0.023         0   0.04708       341      1536    0.7162    0.9316    0.9264    0.6745   0.01676    0.0265         0
    65/199     33.7G   0.02403   0.02277         0   0.04681       353      1536    0.7107    0.9323    0.9281    0.6745   0.01689   0.02651         0
    66/199     33.7G   0.02444   0.02302         0   0.04746       116      1536     0.731    0.9285    0.9264    0.6744   0.01691   0.02654         0
    67/199     33.7G   0.02478    0.0233         0   0.04807       137      1536    0.7143    0.9323    0.9264    0.6727   0.01675   0.02653         0
    68/199     33.7G   0.02488   0.02383         0   0.04871       189      1536      0.72    0.9306    0.9254    0.6744   0.01686   0.02653         0
    69/199     33.7G   0.02435   0.02277         0   0.04711       249      1536    0.7112    0.9323     0.927    0.6748   0.01686   0.02653         0
    70/199     33.7G   0.02409   0.02278         0   0.04687       169      1536    0.7161    0.9332    0.9273    0.6756   0.01672   0.02642         0
    71/199     33.7G   0.02416   0.02259         0   0.04675       163      1536    0.7098    0.9348    0.9292    0.6767   0.01663   0.02636         0
    72/199     33.7G   0.02379   0.02265         0   0.04644       212      1536    0.7155    0.9334    0.9288    0.6769   0.01655   0.02639         0
    73/199     33.7G   0.02375   0.02252         0   0.04627       120      1536    0.7247    0.9322    0.9288    0.6778   0.01654   0.02633         0
    74/199     33.7G   0.02417    0.0236         0   0.04777       160      1536    0.7215    0.9334    0.9287    0.6769    0.0166   0.02634         0
    75/199     33.7G   0.02381   0.02234         0   0.04615       157      1536    0.7168    0.9339    0.9295    0.6779   0.01665    0.0263         0
    76/199     33.7G   0.02403   0.02288         0   0.04691       212      1536    0.7313    0.9313    0.9288    0.6776   0.01648    0.0263         0
    77/199     33.7G   0.02378   0.02304         0   0.04682       254      1536    0.7239    0.9342    0.9299    0.6783   0.01644   0.02627         0
    78/199     33.7G   0.02411   0.02258         0    0.0467       197      1536    0.7216    0.9351    0.9302    0.6792    0.0165   0.02618         0
    79/199     33.7G   0.02329   0.02208         0   0.04537       245      1536    0.7229    0.9339    0.9299    0.6791   0.01641   0.02621         0
    80/199     33.7G   0.02403   0.02299         0   0.04702       448      1536    0.7257    0.9346    0.9297    0.6797   0.01635   0.02617         0
    81/199     33.7G   0.02334   0.02239         0   0.04574       137      1536    0.7248    0.9343    0.9299    0.6806   0.01634   0.02611         0
    82/199     33.7G    0.0248   0.02403         0   0.04883       172      1536    0.7215     0.934    0.9296    0.6786    0.0165   0.02632         0
    83/199     33.7G   0.02409   0.02289         0   0.04697       244      1536    0.7234    0.9336    0.9298    0.6786   0.01649   0.02628         0
    84/199     33.7G   0.02389   0.02251         0   0.04641       252      1536    0.7286    0.9329    0.9293    0.6788   0.01639   0.02621         0
    85/199     33.7G    0.0237   0.02271         0   0.04641       265      1536    0.7283    0.9327    0.9297     0.681   0.01642   0.02611         0
    86/199     33.7G   0.02327   0.02186         0   0.04514        83      1536     0.728     0.933    0.9302    0.6796   0.01635   0.02608         0
    87/199     33.7G   0.02389   0.02308         0   0.04697       250      1536    0.7277    0.9346    0.9313    0.6815   0.01628   0.02605         0
    88/199     33.7G   0.02317   0.02269         0   0.04586       180      1536    0.7299    0.9339    0.9308    0.6816   0.01633   0.02607         0
    89/199     33.7G    0.0234   0.02252         0   0.04592       134      1536    0.7299    0.9343    0.9314    0.6826   0.01629   0.02599         0
    90/199     33.7G   0.02338   0.02258         0   0.04595       121      1536    0.7335    0.9339    0.9317    0.6828   0.01619   0.02592         0
    91/199     33.7G   0.02322   0.02236         0   0.04559       380      1536    0.7301    0.9354     0.932    0.6831   0.01621   0.02588         0
    92/199     33.7G   0.02337   0.02235         0   0.04572       519      1536     0.728    0.9352    0.9322    0.6821   0.01621   0.02588         0
    93/199     33.7G   0.02312   0.02219         0   0.04531        78      1536    0.7321    0.9348    0.9319    0.6837   0.01618   0.02591         0
    94/199     33.7G   0.02332   0.02266         0   0.04598       137      1536    0.7311    0.9343    0.9312     0.683   0.01616   0.02593         0
    95/199     33.7G   0.02328   0.02262         0    0.0459       211      1536    0.7259     0.936    0.9314    0.6834   0.01608   0.02593         0
    96/199     33.7G   0.02329   0.02253         0   0.04582       169      1536    0.7265    0.9353    0.9316    0.6828   0.01608   0.02595         0
    97/199     33.7G   0.02303   0.02212         0   0.04515       146      1536    0.7271    0.9357    0.9323    0.6836   0.01606   0.02594         0
    98/199     33.7G   0.02304   0.02233         0   0.04538       300      1536    0.7268    0.9359    0.9323    0.6837   0.01608   0.02597         0
    99/199     33.7G    0.0232    0.0222         0    0.0454       286      1536    0.7311    0.9346    0.9318    0.6842   0.01609   0.02594         0
   100/199     33.7G   0.02291    0.0215         0   0.04441       203      1536    0.7324    0.9352    0.9329    0.6841   0.01609   0.02591         0
   101/199     33.7G   0.02331   0.02212         0   0.04542       186      1536    0.7296    0.9362    0.9328    0.6844   0.01608   0.02588         0
   102/199     33.7G   0.02288   0.02224         0   0.04512       169      1536     0.726    0.9366    0.9324    0.6842   0.01608   0.02588         0
   103/199     33.7G   0.02261   0.02205         0   0.04466       103      1536    0.7323    0.9366     0.933    0.6846   0.01601   0.02585         0
   104/199     33.7G   0.02291   0.02186         0   0.04477       230      1536    0.7333    0.9373    0.9329    0.6847   0.01601   0.02585         0
   105/199     33.7G   0.02282   0.02212         0   0.04494       281      1536    0.7339    0.9371    0.9329    0.6849   0.01601   0.02582         0
   106/199     33.7G   0.02276   0.02214         0    0.0449       327      1536    0.7315    0.9376     0.933    0.6851   0.01598   0.02582         0
   107/199     33.7G   0.02221   0.02122         0   0.04342       184      1536     0.731    0.9368    0.9329    0.6852   0.01596    0.0258         0
   108/199     33.7G   0.02291   0.02202         0   0.04493       200      1536    0.7348     0.935    0.9325    0.6851   0.01595   0.02579         0
   109/199     33.7G   0.02311   0.02174         0   0.04485       160      1536    0.7318    0.9364    0.9326     0.686   0.01595   0.02578         0
   110/199     33.7G   0.02253   0.02185         0   0.04438        75      1536    0.7311    0.9373    0.9335    0.6861     0.016   0.02578         0
   111/199     33.7G   0.02235   0.02149         0   0.04385       346      1536    0.7318    0.9368    0.9335    0.6859   0.01596   0.02577         0
   112/199     33.7G    0.0225   0.02131         0   0.04381       168      1536    0.7337    0.9362    0.9334    0.6863   0.01592   0.02575         0
   113/199     33.7G    0.0225   0.02213         0   0.04463       272      1536    0.7333    0.9363    0.9332    0.6862    0.0159   0.02574         0
   114/199     33.7G    0.0224   0.02155         0   0.04394        73      1536    0.7356    0.9363    0.9331    0.6861   0.01589   0.02575         0
   115/199     33.7G   0.02212   0.02124         0   0.04336       328      1536    0.7391    0.9362    0.9331    0.6858   0.01588   0.02574         0
   116/199     33.7G   0.02219   0.02123         0   0.04341       291      1536    0.7408    0.9358    0.9334    0.6865   0.01586   0.02574         0
   117/199     33.7G   0.02224   0.02124         0   0.04348        69      1536    0.7422    0.9361    0.9336    0.6866   0.01588   0.02573         0
   118/199     33.7G   0.02181   0.02136         0   0.04317       129      1536    0.7454    0.9357     0.934    0.6864   0.01588   0.02574         0
   119/199     33.7G   0.02216   0.02138         0   0.04354       183      1536    0.7451    0.9366     0.934    0.6869   0.01587   0.02573         0
   120/199     33.7G   0.02207     0.021         0   0.04306       339      1536    0.7451    0.9362    0.9339    0.6869   0.01587   0.02572         0
   121/199     33.7G   0.02239   0.02166         0   0.04405       277      1536    0.7428    0.9367    0.9339    0.6865   0.01587   0.02574         0
   122/199     33.7G   0.02222   0.02125         0   0.04347        96      1536    0.7424    0.9363    0.9338    0.6864   0.01585   0.02575         0
   123/199     33.7G   0.02244   0.02172         0   0.04416       288      1536    0.7414    0.9367    0.9336    0.6866   0.01585   0.02575         0
   124/199     33.7G   0.02254   0.02168         0   0.04421       323      1536     0.741     0.937    0.9339    0.6869   0.01585   0.02575         0
   125/199     33.7G   0.02193   0.02081         0   0.04274       209      1536    0.7411    0.9376     0.934    0.6873   0.01583   0.02575         0
   126/199     33.7G   0.02236   0.02159         0   0.04395       167      1536    0.7404    0.9379    0.9343    0.6876   0.01584   0.02574         0
   127/199     33.7G   0.02236   0.02128         0   0.04364       240      1536    0.7398    0.9387    0.9346    0.6873   0.01587   0.02573         0
   128/199     33.7G   0.02209   0.02165         0   0.04373       402      1536    0.7383    0.9379    0.9346    0.6877   0.01588   0.02572         0
   129/199     33.7G   0.02177   0.02122         0   0.04299       161      1536    0.7381    0.9379    0.9346    0.6875   0.01586   0.02572         0
   130/199     33.7G   0.02206   0.02111         0   0.04317       135      1536    0.7383    0.9379    0.9344    0.6877   0.01585   0.02571         0
   131/199     33.7G   0.02179   0.02118         0   0.04297       128      1536    0.7377    0.9383    0.9343    0.6878   0.01583    0.0257         0
   132/199     33.7G   0.02193   0.02147         0    0.0434       170      1536    0.7365     0.939    0.9344    0.6878   0.01582   0.02569         0
   133/199     33.7G   0.02142   0.02089         0   0.04231       266      1536    0.7366    0.9393    0.9348     0.688   0.01582   0.02568         0
   134/199     33.7G   0.02192   0.02121         0   0.04313       194      1536    0.7376    0.9393    0.9346    0.6878   0.01582   0.02568         0
   135/199     33.7G   0.02172   0.02036         0   0.04208       392      1536    0.7372    0.9393    0.9346    0.6878   0.01582   0.02568         0
   136/199     33.7G   0.02194   0.02165         0   0.04359       360      1536    0.7369    0.9393    0.9346     0.688   0.01581   0.02565         0
   137/199     33.7G   0.02181   0.02133         0   0.04314       142      1536    0.7378    0.9391    0.9349    0.6881   0.01585   0.02564         0
   138/199     33.7G   0.02181   0.02119         0     0.043       283      1536    0.7385    0.9393    0.9348    0.6881   0.01588   0.02565         0
   139/199     33.7G   0.02134   0.02018         0   0.04152       319      1536    0.7394    0.9388    0.9347    0.6879   0.01588   0.02565         0
   140/199     33.7G   0.02129   0.02068         0   0.04197       251      1536    0.7407    0.9391    0.9348    0.6881   0.01588   0.02565         0
   141/199     33.7G   0.02154   0.02112         0   0.04265       184      1536    0.7406    0.9391    0.9349    0.6883   0.01587   0.02565         0
   142/199     33.7G   0.02135   0.02041         0   0.04176       408      1536    0.7401    0.9391    0.9349    0.6887   0.01586   0.02565         0
   143/199     33.7G   0.02141   0.02103         0   0.04244        75      1536    0.7393    0.9392    0.9348    0.6885   0.01585   0.02564         0
   144/199     33.7G   0.02136   0.02054         0    0.0419       218      1536    0.7395    0.9394     0.935    0.6885   0.01584   0.02563         0
   145/199     33.7G   0.02104   0.02035         0   0.04139       106      1536    0.7388    0.9396     0.935    0.6883   0.01583   0.02563         0
   146/199     33.7G   0.02134   0.02071         0   0.04206       242      1536    0.7394    0.9391     0.935    0.6885   0.01582   0.02563         0
   147/199     33.7G   0.02101   0.02038         0   0.04139       116      1536    0.7399     0.939     0.935    0.6884   0.01581   0.02563         0
   148/199     33.7G   0.02107   0.02078         0   0.04184       468      1536    0.7401    0.9389    0.9349    0.6886    0.0158   0.02563         0
   149/199     33.7G   0.02091   0.02022         0   0.04113       185      1536    0.7411    0.9387    0.9349    0.6887    0.0158   0.02562         0
   150/199     33.7G   0.02098   0.01997         0   0.04095       141      1536    0.7414    0.9386    0.9349    0.6888   0.01579   0.02562         0
   151/199     33.7G   0.02086   0.02055         0   0.04141       181      1536    0.7418     0.939     0.935    0.6885   0.01579   0.02561         0
   152/199     33.7G   0.02108   0.01977         0   0.04085       265      1536    0.7425     0.939    0.9352    0.6885   0.01577   0.02561         0
   153/199     33.7G   0.02077    0.0202         0   0.04097       200      1536     0.743    0.9389    0.9352    0.6888   0.01577   0.02562         0
   154/199     33.7G   0.02091   0.02005         0   0.04096       374      1536    0.7428    0.9388    0.9352    0.6888   0.01576   0.02562         0
   155/199     33.7G   0.02125   0.02068         0   0.04193       170      1536    0.7437     0.939    0.9352    0.6889   0.01575   0.02562         0
   156/199     33.7G   0.02102   0.02029         0   0.04131       313      1536    0.7435     0.939    0.9351    0.6887   0.01575   0.02562         0
   157/199     33.7G   0.02074   0.02062         0   0.04136        83      1536    0.7443     0.939    0.9352    0.6889   0.01575   0.02562         0
   158/199     33.7G   0.02069    0.0197         0   0.04039       178      1536    0.7454    0.9388    0.9353    0.6889   0.01574   0.02561         0
   159/199     33.7G   0.02086   0.02038         0   0.04124       209      1536     0.745    0.9383    0.9351    0.6887   0.01574   0.02561         0
   160/199     33.7G   0.02077   0.02048         0   0.04125       184      1536     0.745    0.9383    0.9352    0.6888   0.01574    0.0256         0
   161/199     33.7G   0.02053   0.01991         0   0.04044       267      1536    0.7454    0.9384    0.9353    0.6889   0.01574    0.0256         0
   162/199     33.7G   0.02065   0.02017         0   0.04081       138      1536    0.7457     0.938    0.9353    0.6889   0.01573    0.0256         0
   163/199     33.7G   0.02051   0.02008         0   0.04059       334      1536    0.7461     0.938    0.9351     0.689   0.01573    0.0256         0
   164/199     33.7G   0.02045   0.01991         0   0.04036       174      1536    0.7463    0.9383    0.9352     0.689   0.01573   0.02561         0
   165/199     33.7G   0.02042   0.02018         0    0.0406       107      1536    0.7471    0.9383    0.9352    0.6892   0.01573   0.02561         0
   166/199     33.7G   0.02092   0.02028         0    0.0412       323      1536    0.7471    0.9381    0.9352    0.6892   0.01573   0.02561         0
   167/199     33.7G   0.02078   0.02038         0   0.04116       267      1536    0.7471     0.938    0.9351    0.6891   0.01573   0.02561         0
   168/199     33.7G    0.0206   0.02031         0   0.04091       246      1536    0.7473    0.9381    0.9352    0.6891   0.01572   0.02561         0
   169/199     33.7G   0.02075   0.02048         0   0.04123        89      1536    0.7473     0.938    0.9351    0.6892   0.01572   0.02562         0
   170/199     33.7G   0.02042   0.01972         0   0.04015       145      1536    0.7476     0.938    0.9351    0.6892   0.01572   0.02561         0
   171/199     33.7G   0.02052   0.01974         0   0.04025       304      1536    0.7474    0.9377     0.935    0.6894   0.01572   0.02562         0
   172/199     33.7G   0.02069   0.02028         0   0.04097       242      1536    0.7476    0.9379     0.935    0.6895   0.01572   0.02562         0
   173/199     33.7G   0.02016   0.01969         0   0.03985       204      1536    0.7476    0.9379     0.935    0.6894   0.01572   0.02562         0
   174/199     33.7G   0.02059   0.01965         0   0.04024       124      1536    0.7477     0.938    0.9351    0.6894   0.01572   0.02563         0
   175/199     33.7G   0.02015   0.01931         0   0.03946        73      1536    0.7476    0.9379    0.9351    0.6897   0.01572   0.02563         0
   176/199     33.7G   0.02047   0.01993         0    0.0404       212      1536    0.7479    0.9375     0.935    0.6893   0.01572   0.02562         0
   177/199     33.7G   0.02046   0.02015         0   0.04061       253      1536    0.7473    0.9377    0.9349    0.6895   0.01572   0.02563         0
   178/199     33.7G   0.02029   0.01945         0   0.03974       374      1536    0.7472     0.938    0.9351    0.6896   0.01572   0.02563         0
   179/199     33.7G   0.02029   0.01947         0   0.03976       303      1536    0.7469    0.9379    0.9351    0.6897   0.01572   0.02563         0
   180/199     33.7G   0.02027   0.01985         0   0.04012       322      1536     0.747    0.9378    0.9351    0.6897   0.01572   0.02563         0
   181/199     33.7G   0.02003   0.01907         0    0.0391       135      1536    0.7469    0.9377    0.9351    0.6896   0.01572   0.02564         0
   182/199     33.7G   0.02003    0.0195         0   0.03952       150      1536    0.7469    0.9379    0.9352    0.6895   0.01572   0.02563         0
   183/199     33.7G   0.02015   0.01991         0   0.04007       273      1536    0.7471    0.9379    0.9352    0.6895   0.01572   0.02564         0
   184/199     33.7G   0.02011   0.01958         0   0.03969       129      1536    0.7468    0.9377    0.9351    0.6893   0.01572   0.02564         0
   185/199     33.7G   0.02017   0.01974         0   0.03991       508      1536    0.7472    0.9377    0.9353    0.6893   0.01571   0.02564         0
   186/199     33.7G   0.02018   0.02006         0   0.04024       348      1536    0.7473    0.9377    0.9353    0.6893   0.01571   0.02565         0
   187/199     33.7G   0.02024   0.01964         0   0.03987       200      1536    0.7473    0.9377    0.9353    0.6893   0.01571   0.02565         0
   188/199     33.7G   0.01997    0.0195         0   0.03947       164      1536    0.7473    0.9375    0.9352    0.6894   0.01571   0.02565         0
   189/199     33.7G    0.0195   0.01906         0   0.03857       245      1536    0.7478    0.9376    0.9353    0.6894   0.01571   0.02566         0
   190/199     33.7G   0.01982   0.01912         0   0.03894       178      1536    0.7482    0.9376    0.9353    0.6893   0.01571   0.02566         0
   191/199     33.7G   0.02017   0.01934         0    0.0395       241      1536    0.7483    0.9375    0.9352    0.6894   0.01571   0.02565         0
   192/199     33.7G   0.01962   0.01926         0   0.03888       119      1536    0.7491    0.9376    0.9352    0.6892   0.01571   0.02566         0
   193/199     33.7G   0.02021   0.01972         0   0.03992       543      1536    0.7493    0.9376    0.9352    0.6892   0.01571   0.02566         0
   194/199     33.7G   0.01999   0.01968         0   0.03967       460      1536    0.7491    0.9379    0.9354    0.6893   0.01571   0.02566         0
   195/199     33.7G   0.02008   0.01961         0    0.0397       221      1536    0.7493     0.938    0.9354    0.6892   0.01571   0.02566         0
   196/199     33.7G    0.0204   0.02004         0   0.04044       184      1536    0.7495     0.938    0.9355    0.6893    0.0157   0.02566         0
   197/199     33.7G    0.0198   0.01943         0   0.03922       342      1536    0.7493    0.9378    0.9353    0.6892    0.0157   0.02566         0
   198/199     33.7G    0.0199   0.01887         0   0.03877        84      1536    0.7498     0.938    0.9354    0.6892    0.0157   0.02566         0
   199/199     33.7G   0.02009   0.01985         0   0.03994       194      1536    0.7496     0.938    0.9354    0.6894    0.0157   0.02566         0
