      0/99     16.9G   0.06813   0.07263         0    0.1408       206      1280    0.8706    0.6868    0.8064    0.4853   0.05219   0.03994         0
      1/99     19.4G   0.04838   0.06749         0    0.1159       230      1280    0.9058    0.7623    0.8739    0.6154   0.04437   0.03817         0
      2/99     19.4G    0.0434   0.06451         0    0.1079        93      1280    0.8012    0.7623    0.8081    0.5721   0.04521   0.04089         0
      3/99     19.4G   0.03822   0.06072         0   0.09894       169      1280    0.9111    0.7734    0.8661    0.6115   0.03802   0.04097         0
      4/99     19.4G   0.03584   0.05983         0   0.09567        62      1280    0.8804    0.7849      0.87    0.6481   0.03328   0.04663         0
      5/99     19.4G   0.03462   0.06005         0   0.09466       139      1280    0.8537    0.7924    0.8478    0.6295   0.03462   0.05124         0
      6/99     19.4G   0.03394   0.06018         0   0.09413       192      1280    0.8675    0.8151    0.8632    0.6428   0.03181   0.05416         0
      7/99     19.4G   0.03301   0.05929         0   0.09231        79      1280    0.9173       0.8    0.8724    0.6472   0.03286   0.05548         0
      8/99     19.4G   0.03245   0.05732         0   0.08977       102      1280    0.8801     0.834    0.8796    0.6601   0.03183   0.05605         0
      9/99     19.4G   0.03218   0.05715         0   0.08932        92      1280    0.9152    0.8151    0.8969    0.6668   0.03217    0.0584         0
     10/99     19.4G   0.03207   0.05665         0   0.08872       172      1280    0.8868    0.8302    0.9029    0.6706   0.03124   0.05946         0
     11/99     19.4G   0.03185   0.05638         0   0.08823        47      1280    0.9039    0.7811    0.8824    0.6514   0.03241   0.06016         0
     12/99     19.4G   0.03163   0.05588         0    0.0875       130      1280    0.9326    0.7849    0.8823    0.6792   0.03186   0.06035         0
     13/99     19.4G   0.03148   0.05605         0   0.08753       111      1280    0.8792    0.7698    0.8576    0.6435   0.03401   0.06077         0
     14/99     19.4G   0.03125   0.05474         0   0.08599        96      1280    0.8859    0.7925    0.8602     0.656   0.03226   0.06026         0
     15/99     19.4G   0.03116     0.055         0   0.08616        34      1280    0.8582    0.8451    0.8974     0.672   0.03073   0.06152         0
     16/99     19.4G   0.03105    0.0551         0   0.08615        77      1280    0.8909    0.8038    0.8823    0.6758   0.03063   0.06121         0
     17/99     19.4G    0.0309   0.05444         0   0.08534       164      1280    0.8793    0.8528    0.9031    0.6973   0.02937    0.0629         0
     18/99     19.4G   0.03085   0.05392         0   0.08478        86      1280     0.886    0.7925    0.8783     0.669   0.03081   0.06514         0
     19/99     19.4G   0.03069   0.05409         0   0.08479        11      1280    0.9067    0.7697     0.867    0.6701   0.03067   0.06406         0
     20/99     19.4G   0.03057   0.05382         0   0.08439       114      1280    0.9286    0.7849    0.8959    0.6873   0.02944   0.06391         0
     21/99     19.4G   0.03058   0.05393         0   0.08451       102      1280    0.8798    0.8302    0.8753    0.6763   0.03097   0.06524         0
     22/99     19.4G   0.03062   0.05366         0   0.08428        46      1280     0.887       0.8    0.8764    0.6878   0.03003   0.06567         0
     23/99     19.4G   0.03034   0.05337         0   0.08371       112      1280    0.9114    0.8149    0.8842    0.6767   0.03005   0.06499         0
     24/99     19.4G   0.03033   0.05283         0   0.08317       109      1280    0.9301    0.8038    0.8951    0.6965   0.02904   0.06432         0
     25/99     19.4G    0.0301   0.05161         0   0.08171        58      1280     0.864     0.815    0.8894    0.6866   0.02946   0.06441         0
     26/99     19.4G   0.03001    0.0524         0   0.08241       228      1280    0.8915    0.8375    0.8969    0.6969   0.02841   0.06634         0
     27/99     19.4G      0.03   0.05223         0   0.08223        74      1280    0.9119    0.8226    0.9028    0.6953   0.02984   0.06476         0
     28/99     19.4G   0.02998   0.05217         0   0.08215       187      1280    0.8698    0.8604    0.8967    0.6915    0.0304   0.06469         0
     29/99     19.4G   0.02979   0.05169         0   0.08149        58      1280    0.9366    0.7808    0.8769    0.6715   0.03157   0.06616         0
     30/99     19.4G   0.02988   0.05271         0   0.08259        51      1280    0.9602    0.8187    0.8935    0.6973   0.02979   0.06561         0
     31/99     19.4G   0.02978   0.05204         0   0.08182       160      1280    0.9389    0.8113    0.9114    0.6977   0.02957   0.06582         0
     32/99     19.4G   0.02984   0.05174         0   0.08158       128      1280    0.8784    0.8189     0.859    0.6772   0.03074   0.06716         0
     33/99     19.4G   0.02946   0.05121         0   0.08067       175      1280    0.9049    0.8264    0.8809    0.6771   0.03074   0.06748         0
     34/99     19.4G   0.02946   0.05094         0    0.0804        48      1280    0.9378    0.7962    0.8866    0.6876   0.02899   0.06866         0
     35/99     19.4G   0.02945   0.05144         0   0.08089        81      1280    0.9034    0.7774    0.8819    0.6922   0.02882   0.06885         0
     36/99     19.4G   0.02945   0.05069         0   0.08014       198      1280    0.9283    0.7811    0.8706    0.6855   0.02911   0.06801         0
     37/99     19.4G   0.02925   0.05089         0   0.08014       158      1280     0.911    0.8113    0.8991    0.6958   0.02806   0.06588         0
     38/99     19.4G   0.02921   0.05051         0   0.07972        71      1280    0.8992    0.8414    0.8905    0.6869   0.02883   0.06848         0
     39/99     19.4G   0.02927   0.05048         0   0.07975       104      1280    0.9304    0.8075    0.8906    0.6779   0.02978   0.06768         0
     40/99     19.4G   0.02901   0.05017         0   0.07918        91      1280     0.865    0.8223    0.8714    0.6928    0.0286   0.06838         0
     41/99     19.4G   0.02925   0.05045         0    0.0797        45      1280     0.899    0.8113     0.886    0.6971   0.02832   0.06885         0
     42/99     19.4G   0.02907   0.04995         0   0.07902       155      1280    0.9163    0.8264     0.889    0.6912   0.02841   0.06873         0
     43/99     19.4G   0.02901   0.04945         0   0.07846       133      1280    0.8622    0.8264    0.8953    0.7016   0.02782    0.0673         0
     44/99     19.4G   0.02882    0.0496         0   0.07843        85      1280    0.9188    0.8151    0.9014    0.6907   0.02849   0.06886         0
     45/99     19.4G   0.02882   0.04925         0   0.07807       158      1280    0.9279    0.7773    0.8676    0.6788   0.02956   0.07152         0
     46/99     19.4G   0.02899   0.04975         0   0.07874        79      1280    0.9008    0.7887    0.8844    0.6864   0.02929   0.07145         0
     47/99     19.4G   0.02868    0.0493         0   0.07797       189      1280    0.8968    0.8526    0.9081    0.7114   0.02792    0.0677         0
     48/99     19.4G   0.02859    0.0487         0    0.0773       117      1280    0.9008    0.8564    0.9114    0.7035    0.0278   0.06928         0
     49/99     19.4G   0.02893   0.04906         0   0.07799       257      1280    0.9148    0.8113    0.8958    0.7023   0.02891   0.07073         0
     50/99     19.4G    0.0286   0.04883         0   0.07743       162      1280    0.9111    0.8151    0.8804     0.692   0.02871   0.07239         0
     51/99     19.4G   0.02848   0.04859         0   0.07707        71      1280    0.8533    0.8564    0.8944    0.6865   0.02916   0.07161         0
     52/99     19.4G   0.02846   0.04853         0   0.07699        78      1280    0.8464    0.8527    0.8759    0.6817   0.02851   0.07221         0
     53/99     19.4G    0.0284   0.04796         0   0.07636       170      1280    0.8427     0.849    0.8807    0.7016   0.02769   0.07276         0
     54/99     19.4G   0.02859   0.04909         0   0.07768        51      1280    0.8537    0.8151    0.8584    0.6674   0.02929   0.07342         0
     55/99     19.4G   0.02841   0.04772         0   0.07613        48      1280     0.861    0.8415    0.8693    0.6891   0.02838   0.07151         0
     56/99     19.4G   0.02828   0.04746         0   0.07574       107      1280    0.8609    0.8415    0.8837    0.6955   0.02867   0.07124         0
     57/99     19.4G   0.02807    0.0473         0   0.07537        67      1280    0.8871    0.8302    0.8781    0.6921   0.02839   0.07289         0
     58/99     19.4G     0.028   0.04711         0   0.07511       183      1280    0.8992    0.8415    0.8924    0.6976   0.02803   0.07322         0
     59/99     19.4G   0.02788   0.04737         0   0.07525        37      1280     0.857     0.883    0.8826    0.6892   0.02849   0.07418         0
     60/99     19.4G   0.02787   0.04726         0   0.07512       133      1280    0.8625    0.8528    0.8823      0.69   0.02883   0.07427         0
     61/99     19.4G   0.02776   0.04688         0   0.07464       157      1280    0.8964    0.8491    0.8805    0.6882     0.029   0.07339         0
     62/99     19.4G   0.02813   0.04726         0    0.0754       108      1280    0.9267    0.8113    0.8851    0.6992   0.02813   0.07239         0
     63/99     19.4G   0.02773   0.04704         0   0.07477       183      1280    0.9301    0.8036    0.8834    0.7027   0.02834   0.07197         0
     64/99     19.4G   0.02767   0.04695         0   0.07462        55      1280    0.9388     0.811    0.8901    0.7046   0.02814    0.0735         0
     65/99     19.4G   0.02767   0.04671         0   0.07438       101      1280    0.9375    0.7924    0.8841    0.6944   0.02834   0.07505         0
     66/99     19.4G   0.02767    0.0467         0   0.07436       103      1280     0.922    0.8038    0.8797    0.6799   0.02861   0.07734         0
     67/99     19.4G   0.02775   0.04684         0    0.0746       242      1280    0.9125    0.8264     0.883    0.6917   0.02836   0.07669         0
     68/99     19.4G   0.02784   0.04661         0   0.07445       123      1280    0.9172    0.8377      0.89    0.6997   0.02784   0.07541         0
     69/99     19.4G   0.02745   0.04605         0    0.0735        48      1280    0.9286     0.834    0.8958    0.7063   0.02755    0.0744         0
     70/99     19.4G   0.02726   0.04552         0   0.07277       151      1280    0.9015    0.8642    0.9046    0.7115   0.02727   0.07444         0
     71/99     19.4G   0.02753   0.04592         0   0.07345        77      1280     0.948    0.8262    0.9006    0.7154   0.02721   0.07472         0
     72/99     19.4G   0.02728   0.04489         0   0.07217       138      1280    0.9444    0.8339    0.9046    0.7132   0.02735   0.07394         0
     73/99     19.4G   0.02717   0.04619         0   0.07336        35      1280     0.925    0.8377    0.9007    0.7094   0.02727   0.07448         0
     74/99     19.4G   0.02721   0.04592         0   0.07313       191      1280    0.9389    0.8112    0.8978    0.7069   0.02713    0.0747         0
     75/99     19.4G   0.02718   0.04582         0     0.073       197      1280    0.8629    0.8792    0.8999    0.7069   0.02707   0.07501         0
     76/99     19.4G   0.02704   0.04571         0   0.07275       114      1280    0.8632     0.883    0.9002    0.7079   0.02701   0.07569         0
     77/99     19.4G     0.027   0.04533         0   0.07233        30      1280    0.8732    0.8868     0.902    0.7099   0.02695   0.07605         0
     78/99     19.4G   0.02691   0.04537         0   0.07228        84      1280     0.915    0.8528    0.9091    0.7143    0.0272   0.07556         0
     79/99     19.4G   0.02697   0.04492         0   0.07188        28      1280    0.9039    0.8528     0.905    0.7088   0.02725   0.07545         0
     80/99     19.4G   0.02687   0.04519         0   0.07206       121      1280    0.8972    0.8565    0.9059    0.7099   0.02731   0.07528         0
     81/99     19.4G    0.0267   0.04453         0   0.07123         6      1280    0.8904    0.8604    0.9028    0.7086   0.02751   0.07608         0
     82/99     19.4G   0.02668   0.04445         0   0.07113       231      1280    0.8712    0.8679    0.9004     0.709   0.02769   0.07635         0
     83/99     19.4G   0.02658   0.04451         0   0.07109       113      1280    0.8624    0.8753    0.8949     0.708    0.0279   0.07655         0
     84/99     19.4G   0.02661   0.04479         0   0.07139       289      1280     0.899    0.8415    0.8912    0.7064   0.02797   0.07676         0
     85/99     19.4G    0.0267   0.04469         0   0.07139        99      1280    0.8992    0.8414    0.8862    0.7034   0.02799   0.07714         0
     86/99     19.4G    0.0264   0.04385         0   0.07025        57      1280    0.8764    0.8566    0.8843     0.701     0.028   0.07741         0
     87/99     19.4G   0.02651   0.04432         0   0.07083       119      1280    0.9631    0.7887     0.885    0.7001   0.02806   0.07753         0
     88/99     19.4G    0.0265   0.04417         0   0.07066       222      1280    0.9071    0.8491    0.8934    0.6991   0.02802   0.07752         0
     89/99     19.4G   0.02635   0.04382         0   0.07017        55      1280    0.9064    0.8415    0.8928     0.701   0.02802   0.07795         0
     90/99     19.4G   0.02625   0.04364         0   0.06988        34      1280    0.8995    0.8447    0.8923    0.7027   0.02802   0.07839         0
     91/99     19.4G   0.02635   0.04371         0   0.07005       177      1280    0.9127    0.8302    0.8962    0.7015   0.02802    0.0785         0
     92/99     19.4G   0.02621   0.04339         0    0.0696       177      1280    0.9547    0.7962    0.8901    0.7004   0.02807   0.07833         0
     93/99     19.4G    0.0262   0.04298         0   0.06918        64      1280    0.9546    0.7962    0.8872     0.699   0.02813   0.07852         0
     94/99     19.4G   0.02623   0.04306         0   0.06929        43      1280    0.9504    0.7961    0.8848    0.7013   0.02821   0.07851         0
     95/99     19.4G   0.02615    0.0434         0   0.06955       132      1280    0.9385    0.8075    0.8858     0.704   0.02816   0.07887         0
     96/99     19.4G   0.02611   0.04271         0   0.06882        78      1280     0.943    0.8112    0.8918    0.7027   0.02809   0.07892         0
     97/99     19.4G   0.02616   0.04347         0   0.06964       118      1280    0.8995    0.8453    0.8898    0.7031   0.02808   0.07883         0
     98/99     19.4G   0.02617   0.04368         0   0.06985       187      1280    0.9028    0.8415    0.8897    0.7012   0.02807   0.07909         0
     99/99     19.4G    0.0261   0.04281         0   0.06891       111      1280    0.8955    0.8415    0.8852    0.7025   0.02807   0.07914         0
