      0/29     31.7G   0.01738  0.009216         0   0.02659         3      1920    0.6246    0.8981    0.8968    0.7014   0.01817   0.01152         0
      1/29     31.3G   0.01394  0.006642         0   0.02058        15      1920    0.7997    0.9057    0.9281    0.7301   0.01694  0.009981         0
      2/29     31.3G   0.01339   0.00581         0    0.0192        14      1920    0.7512    0.9094     0.928    0.7518   0.01594  0.009363         0
      3/29     31.3G   0.01241  0.004993         0    0.0174        19      1920    0.8361    0.9245    0.9497    0.7638   0.01576  0.008551         0
      4/29     31.3G   0.01366  0.005066         0   0.01873        15      1920    0.7558     0.876     0.905    0.7043   0.01912    0.0112         0
      5/29     31.3G   0.01552  0.005635         0   0.02116         3      1920    0.8934     0.966    0.9777    0.7179   0.01814   0.00811         0
      6/29     31.3G   0.01638  0.005499         0   0.02188         4      1920    0.8504    0.9396    0.9599    0.7111   0.01733  0.009355         0
      7/29     31.3G   0.01927   0.00583         0    0.0251        16      1920    0.8428     0.966    0.9737    0.7624   0.01674  0.008345         0
      8/29     31.3G   0.01671   0.00566         0   0.02237         8      1920    0.8993    0.9698    0.9845    0.7685   0.01583   0.00806         0
      9/29     31.3G   0.01692  0.005444         0   0.02237         6      1920    0.8129    0.9849    0.9858    0.7447   0.01545  0.007577         0
     10/29     31.3G   0.01642  0.005577         0     0.022        11      1920    0.8358    0.9811     0.988    0.7698   0.01498  0.007548         0
     11/29     31.3G   0.01673  0.005098         0   0.02183         2      1920     0.881     0.966    0.9825    0.7701   0.01641  0.007772         0
     12/29     31.3G   0.01688  0.005812         0    0.0227         8      1920    0.8463    0.9768     0.985    0.7573   0.01574  0.007285         0
     13/29     31.3G   0.01522   0.00495         0   0.02017         6      1920    0.7971    0.9245    0.9404     0.706   0.01827  0.009228         0
     14/29     31.3G   0.01504  0.005112         0   0.02015         3      1920    0.6619    0.9245     0.931    0.7205   0.01891  0.009674         0
     15/29     31.3G   0.01321  0.004969         0   0.01817         9      1920     0.867    0.9842    0.9836    0.7736   0.01509  0.007163         0
     16/29     31.3G   0.01527  0.005884         0   0.02115        29      1920    0.8383    0.9736    0.9752    0.8111    0.0126  0.007012         0
     17/29     31.3G   0.01277  0.004644         0   0.01741        11      1920    0.7802    0.9698    0.9712     0.763   0.01563  0.007928         0
     18/29     31.3G   0.01376  0.005415         0   0.01917         8      1920    0.8952     0.966    0.9789    0.8146   0.01303  0.007266         0
     19/29     31.3G   0.01198  0.004581         0   0.01656         2      1920    0.8922    0.9887     0.989    0.8372    0.0121  0.005918         0
     20/29     31.3G   0.01159  0.004622         0   0.01621         3      1920    0.8453    0.9774    0.9836    0.8332   0.01189   0.00641         0
     21/29     31.3G   0.01091  0.004648         0   0.01556        15      1920    0.9336    0.9849    0.9904    0.8572   0.01068  0.005612         0
     22/29     31.3G   0.01055  0.004152         0    0.0147         3      1920    0.9565    0.9811    0.9922    0.8685   0.01003  0.005543         0
     23/29     31.3G  0.009445  0.003779         0   0.01322        12      1920      0.91    0.9887    0.9933    0.8811  0.009651   0.00512         0
     24/29     31.3G   0.01021  0.004307         0   0.01451         3      1920    0.9223    0.9887    0.9926     0.889  0.009517  0.005246         0
     25/29     31.3G  0.009326   0.00383         0   0.01316        13      1920    0.8946    0.9925    0.9936    0.8893  0.009417  0.005122         0
     26/29     31.3G  0.009434  0.003683         0   0.01312        22      1920    0.9137    0.9925    0.9935    0.8874  0.009049  0.004983         0
     27/29     31.3G  0.009414  0.003983         0    0.0134         3      1920    0.9097    0.9925    0.9935    0.8939  0.008867  0.004829         0
     28/29     31.3G  0.009655  0.003905         0   0.01356         9      1920    0.9206    0.9925    0.9937    0.8966  0.008796  0.005008         0
     29/29     31.3G  0.009019  0.004038         0   0.01306         4      1920    0.8832    0.9925    0.9935    0.8956  0.008659  0.005004         0
