      0/99       19G   0.07913   0.09062    0.0705    0.2402       211       896    0.2075    0.2056    0.1751   0.05079   0.06389   0.09024   0.05468
      1/99     15.6G    0.0642   0.07529   0.04301    0.1825       186       896    0.2569    0.5649    0.3246     0.104   0.05776   0.07454   0.02938
      2/99     15.6G    0.0601   0.07021   0.03024    0.1606       294       896    0.2751    0.5808    0.3134    0.1151   0.05564   0.09905   0.02631
      3/99     15.6G   0.05491   0.06757   0.02555     0.148       200       896    0.4107    0.6989    0.5175    0.1957   0.05027   0.06987   0.02028
      4/99     15.6G   0.05203   0.06646   0.02312    0.1416       240       896    0.4464    0.7236    0.5504    0.2237   0.04829   0.06842   0.01857
      5/99     15.6G    0.0504   0.06529   0.02179    0.1375       261       896    0.4709    0.7377    0.5608     0.233   0.04766   0.06774   0.01773
      6/99     15.6G   0.04938   0.06508   0.02086    0.1353       206       896     0.466     0.751    0.5695     0.235   0.04751   0.06719   0.01716
      7/99     15.6G   0.04854   0.06449   0.02027    0.1333       248       896    0.4811    0.7472    0.5784    0.2412   0.04726   0.06704   0.01671
      8/99     15.6G   0.04805   0.06407   0.02001    0.1321       233       896    0.4604    0.7651    0.5757    0.2425   0.04655   0.06682    0.0166
      9/99     15.6G    0.0477   0.06412   0.01942    0.1312       217       896    0.4517    0.7653    0.5745    0.2415    0.0465   0.06741   0.01646
     10/99     15.6G   0.04729   0.06437   0.01933     0.131       226       896    0.4654    0.7656    0.5847    0.2492   0.04607   0.06669   0.01605
     11/99     15.6G   0.04692   0.06397   0.01892    0.1298       218       896     0.483    0.7675    0.5968    0.2526    0.0459   0.06644   0.01592
     12/99     15.6G   0.04655   0.06378   0.01877    0.1291       210       896    0.4664    0.7707    0.5872    0.2487   0.04581   0.06647   0.01574
     13/99     15.6G   0.04624   0.06363   0.01861    0.1285       267       896    0.4756    0.7761    0.6011     0.254   0.04563   0.06631   0.01568
     14/99     15.6G   0.04606   0.06251   0.01841     0.127       216       896    0.4794    0.7768    0.5982    0.2558   0.04543   0.06604    0.0156
     15/99     15.6G   0.04577   0.06294   0.01829     0.127       204       896    0.4904    0.7711    0.5986    0.2549   0.04562   0.06613   0.01541
     16/99     15.6G   0.04578   0.06279   0.01812    0.1267       217       896    0.4807    0.7767    0.6018    0.2564   0.04532   0.06589   0.01537
     17/99     15.6G   0.04544   0.06253   0.01806     0.126       210       896    0.4837    0.7801     0.608    0.2606   0.04523   0.06581   0.01526
     18/99     15.6G   0.04536   0.06289   0.01799    0.1262       177       896    0.4844    0.7807    0.6081    0.2603   0.04531   0.06571   0.01525
     19/99     15.6G   0.04544   0.06246    0.0181     0.126       159       896    0.4863    0.7863    0.6127    0.2622   0.04515   0.06559   0.01513
     20/99     15.6G   0.04509   0.06206   0.01788     0.125       186       896    0.4903    0.7766    0.6084     0.261   0.04505   0.06559   0.01505
     21/99     15.6G   0.04491   0.06222   0.01771    0.1248       171       896    0.4813    0.7803    0.6129     0.261   0.04507   0.06558   0.01506
     22/99     15.6G   0.04488   0.06218   0.01749    0.1245       231       896    0.4854    0.7727    0.6107    0.2624   0.04502   0.06565   0.01496
     23/99     15.6G   0.04463   0.06202   0.01754    0.1242       247       896    0.4896    0.7761    0.6129    0.2632   0.04496   0.06539    0.0149
     24/99     15.6G   0.04465   0.06193   0.01741     0.124       266       896    0.4871    0.7842    0.6152    0.2627     0.045   0.06542   0.01487
     25/99     15.6G   0.04461   0.06215   0.01735    0.1241       216       896    0.4849    0.7813    0.6094    0.2629   0.04488   0.06551   0.01483
     26/99     15.6G   0.04433    0.0615   0.01718     0.123       227       896    0.4808    0.7866    0.6149    0.2649    0.0448   0.06534   0.01483
     27/99     15.6G   0.04432   0.06241   0.01718    0.1239       288       896    0.4868    0.7812    0.6111    0.2639   0.04484   0.06535   0.01478
     28/99     15.6G   0.04423   0.06135   0.01714    0.1227       223       896    0.4891    0.7843    0.6144    0.2659   0.04473   0.06535   0.01477
     29/99     15.6G   0.04405   0.06156   0.01697    0.1226       205       896     0.486     0.784    0.6145    0.2659    0.0447   0.06537   0.01478
     30/99     15.6G   0.04407   0.06145   0.01699    0.1225       193       896    0.4898    0.7794    0.6155    0.2661   0.04466   0.06535   0.01469
     31/99     15.6G   0.04386   0.06166   0.01712    0.1226       179       896    0.4852     0.784    0.6149    0.2647   0.04461    0.0653   0.01467
     32/99     15.6G   0.04378   0.06148   0.01685    0.1221       223       896    0.4919     0.784     0.618    0.2673   0.04464   0.06523   0.01457
     33/99     15.6G   0.04369   0.06113    0.0168    0.1216       253       896    0.4845    0.7898    0.6149    0.2659   0.04466   0.06529   0.01458
     34/99     15.6G   0.04371   0.06145   0.01681     0.122       257       896    0.4887    0.7868    0.6146    0.2655   0.04464   0.06535   0.01459
     35/99     15.6G   0.04357   0.06101   0.01672    0.1213       207       896    0.4881     0.789    0.6167    0.2675   0.04456   0.06522   0.01454
     36/99     15.6G   0.04348   0.06126   0.01661    0.1213       191       896    0.4924    0.7823    0.6174    0.2675   0.04456   0.06518   0.01451
     37/99     15.6G   0.04347   0.06111   0.01657    0.1211       303       896    0.4897    0.7856    0.6189    0.2685   0.04456    0.0652   0.01447
     38/99     15.6G   0.04327   0.06092   0.01648    0.1207       233       896    0.4902    0.7907    0.6179    0.2685    0.0446   0.06521   0.01446
     39/99     15.6G   0.04329   0.06116   0.01662    0.1211       288       896    0.4976    0.7862    0.6184    0.2676   0.04449   0.06521   0.01447
     40/99     15.6G    0.0433   0.06129   0.01643     0.121       218       896    0.4903    0.7867    0.6167    0.2672   0.04455   0.06518   0.01447
     41/99     15.6G   0.04304    0.0614   0.01649    0.1209       228       896    0.4935    0.7831    0.6188    0.2684   0.04454   0.06511   0.01445
     42/99     15.6G   0.04308   0.06083   0.01637    0.1203       256       896    0.4923    0.7853    0.6171    0.2688   0.04451   0.06512    0.0144
     43/99     15.6G   0.04283   0.06043   0.01633    0.1196       148       896    0.4993    0.7847     0.616    0.2681   0.04449   0.06508   0.01442
     44/99     15.6G   0.04289   0.06111   0.01634    0.1203       226       896    0.4923    0.7884    0.6174    0.2678    0.0445   0.06515   0.01439
     45/99     15.6G   0.04287   0.06092   0.01614    0.1199       244       896    0.4939    0.7847    0.6182    0.2685   0.04448   0.06513   0.01439
     46/99     15.6G   0.04274   0.06085   0.01631    0.1199       235       896     0.498    0.7843     0.618    0.2684   0.04449   0.06513   0.01439
     47/99     15.6G   0.04275   0.06099   0.01632    0.1201       195       896     0.491    0.7865    0.6181    0.2679   0.04447    0.0651   0.01435
     48/99     15.6G   0.04265   0.06109   0.01624      0.12       229       896    0.4928    0.7863    0.6188    0.2688   0.04448   0.06517   0.01434
     49/99     15.6G   0.04257    0.0602   0.01606    0.1188       223       896    0.4916    0.7872    0.6188    0.2687   0.04452   0.06519   0.01438
     50/99     15.6G   0.04251   0.06046   0.01606     0.119       251       896    0.4945    0.7846    0.6183    0.2685   0.04451    0.0652   0.01435
     51/99     15.6G   0.04237    0.0607     0.016    0.1191       231       896    0.4951    0.7859    0.6184    0.2689   0.04445   0.06519   0.01429
     52/99     15.6G   0.04224   0.06047   0.01605    0.1188       216       896    0.4931    0.7852    0.6167    0.2676    0.0445   0.06532   0.01433
     53/99     15.6G   0.04227   0.06052   0.01588    0.1187       202       896     0.494    0.7824    0.6164    0.2681   0.04451    0.0653   0.01432
     54/99     15.6G   0.04215   0.06025   0.01588    0.1183       274       896    0.4926    0.7846    0.6171    0.2672   0.04448   0.06523   0.01431
     55/99     15.6G   0.04217   0.06067   0.01597    0.1188       243       896    0.4957    0.7827    0.6159    0.2678   0.04449   0.06527    0.0143
     56/99     15.6G   0.04207   0.05993   0.01575    0.1178       186       896    0.4999    0.7814    0.6181    0.2682    0.0445   0.06526   0.01428
     57/99     15.6G   0.04194   0.06018    0.0157    0.1178       229       896    0.4991    0.7815    0.6166    0.2683   0.04455   0.06531    0.0143
     58/99     15.6G   0.04195   0.05972   0.01583    0.1175       278       896    0.4931     0.784    0.6178    0.2688   0.04454   0.06526   0.01429
     59/99     15.6G   0.04177   0.06032    0.0158    0.1179       218       896    0.4946    0.7841    0.6164     0.268   0.04454   0.06537   0.01426
     60/99     15.6G   0.04173   0.06017   0.01561    0.1175       217       896    0.5001    0.7804    0.6162    0.2679   0.04459   0.06538   0.01431
     61/99     15.6G   0.04157    0.0603   0.01563    0.1175       235       896    0.4919      0.78    0.6131    0.2678   0.04461   0.06541   0.01432
     62/99     15.6G   0.04156   0.05947   0.01562    0.1166       182       896    0.4933    0.7839    0.6153    0.2669   0.04463   0.06541   0.01427
     63/99     15.6G   0.04149   0.05978   0.01572     0.117       173       896    0.4952    0.7782    0.6154    0.2677   0.04463    0.0655    0.0143
     64/99     15.6G   0.04152   0.05974   0.01557    0.1168       189       896    0.4938    0.7797    0.6122    0.2666   0.04471   0.06551   0.01431
     65/99     15.6G    0.0414   0.05956   0.01549    0.1164       308       896    0.4943    0.7776     0.612    0.2671   0.04473   0.06563   0.01431
     66/99     15.6G   0.04129   0.05971   0.01545    0.1165       265       896    0.4951    0.7796    0.6127    0.2673   0.04472   0.06565    0.0143
     67/99     15.6G   0.04127   0.05968   0.01556    0.1165       200       896     0.497    0.7766     0.614    0.2669    0.0448   0.06567    0.0143
     68/99     15.6G   0.04118   0.05958   0.01527     0.116       246       896     0.495    0.7772    0.6128     0.267   0.04479   0.06568    0.0143
     69/99     15.6G   0.04109   0.05953   0.01537     0.116       205       896    0.4968    0.7759    0.6132    0.2671   0.04479   0.06574   0.01432
     70/99     15.6G   0.04098    0.0592   0.01516    0.1153       226       896     0.498    0.7744    0.6127    0.2662   0.04484   0.06584   0.01434
     71/99     15.6G   0.04094   0.05947    0.0153    0.1157       186       896    0.4964    0.7776    0.6122    0.2663   0.04488    0.0658   0.01434
     72/99     15.6G   0.04092   0.05907   0.01533    0.1153       212       896    0.4958     0.775    0.6107    0.2656    0.0449   0.06591   0.01439
     73/99     15.6G   0.04085   0.05889   0.01531     0.115       333       896    0.4971    0.7726      0.61    0.2652   0.04495   0.06604    0.0144
     74/99     15.6G   0.04073   0.05906   0.01527    0.1151       225       896    0.4957    0.7698     0.606    0.2642   0.04498   0.06606   0.01439
     75/99     15.6G   0.04065   0.05926   0.01513     0.115       328       896    0.4983    0.7714    0.6083    0.2642   0.04501   0.06612   0.01437
     76/99     15.6G   0.04063   0.05877    0.0152    0.1146       208       896    0.4955    0.7726    0.6069    0.2643   0.04501   0.06616   0.01441
     77/99     15.6G   0.04049   0.05892   0.01523    0.1146       209       896    0.4981    0.7707    0.6066    0.2641   0.04506   0.06622   0.01441
     78/99     15.6G   0.04042   0.05922   0.01509    0.1147       186       896    0.4979    0.7705    0.6061    0.2636   0.04507   0.06634   0.01446
     79/99     15.6G   0.04031   0.05828   0.01512    0.1137       162       896    0.4986    0.7691    0.6054    0.2632   0.04512   0.06637   0.01446
     80/99     15.6G   0.04027   0.05851   0.01506    0.1138       280       896    0.4986    0.7676    0.6053     0.263   0.04512   0.06641   0.01446
     81/99     15.6G    0.0402   0.05841   0.01494    0.1135       190       896    0.4993    0.7661    0.6046    0.2621   0.04517   0.06648   0.01449
     82/99     15.6G   0.04013   0.05837   0.01497    0.1135       198       896    0.4996     0.767    0.6045    0.2624   0.04521   0.06656    0.0145
     83/99     15.6G   0.03996    0.0581   0.01496     0.113       182       896    0.4994     0.763    0.6018    0.2613   0.04527   0.06675   0.01455
     84/99     15.6G   0.03987   0.05844   0.01496    0.1133       193       896    0.4995    0.7598    0.6011    0.2617   0.04529   0.06684   0.01456
     85/99     15.6G   0.03985   0.05864   0.01487    0.1134       206       896    0.4985    0.7634    0.6016    0.2619   0.04534   0.06687   0.01457
     86/99     15.6G   0.03985    0.0582   0.01475    0.1128       260       896     0.499    0.7614     0.601    0.2616   0.04537   0.06686   0.01457
     87/99     15.6G   0.03972   0.05816   0.01481    0.1127       236       896    0.5007    0.7589    0.5993    0.2614   0.04544   0.06702    0.0146
     88/99     15.6G    0.0396   0.05787   0.01476    0.1122       201       896    0.5009    0.7567    0.5964    0.2602    0.0455   0.06713   0.01464
     89/99     15.6G   0.03957   0.05803    0.0148    0.1124       269       896    0.4983    0.7572     0.596      0.26    0.0455   0.06722   0.01464
     90/99     15.6G   0.03951   0.05799   0.01462    0.1121       240       896    0.4996    0.7555    0.5956    0.2596   0.04556   0.06732   0.01466
     91/99     15.6G   0.03946   0.05746   0.01477    0.1117       243       896    0.5004    0.7535    0.5945    0.2587   0.04562   0.06741   0.01469
     92/99     15.6G   0.03944   0.05765   0.01468    0.1118       194       896    0.4987    0.7512     0.593    0.2586   0.04565   0.06742   0.01468
     93/99     15.6G   0.03939   0.05768    0.0147    0.1118       200       896    0.5015     0.751    0.5944    0.2583   0.04567    0.0675   0.01468
     94/99     15.6G   0.03924   0.05768   0.01469    0.1116       256       896    0.4987    0.7489    0.5926    0.2581    0.0457   0.06766    0.0147
     95/99     15.6G   0.03925   0.05726   0.01464    0.1111       180       896    0.4999    0.7486    0.5931    0.2576   0.04573   0.06776   0.01473
     96/99     15.6G   0.03913   0.05731   0.01446    0.1109       227       896    0.5007    0.7459    0.5908    0.2574   0.04577   0.06781   0.01474
     97/99     15.6G   0.03897   0.05735   0.01457    0.1109       218       896    0.5003     0.748    0.5916    0.2576   0.04579   0.06788   0.01475
     98/99     15.6G   0.03899   0.05712   0.01456    0.1107       227       896    0.5005    0.7476     0.592    0.2575   0.04581   0.06796   0.01479
     99/99     15.6G     0.039   0.05758   0.01453    0.1111       277       896    0.5016    0.7459    0.5918     0.257   0.04586   0.06807    0.0148
