0 0.236585 0.784 0.0905149 0.144 0.00010237
0 0.15393 0.587333 0.0867209 0.156 0.000107915
0 0.114634 0.515333 0.0514905 0.241333 0.000113451
0 0.101084 0.666 0.2 0.478667 0.000115956
0 0.0360434 0.356 0.0720867 0.274667 0.000123418
0 0.496748 0.266667 0.0146341 0.0266667 0.00012586
0 0.106775 0.452 0.212466 0.466667 0.000131273
0 0.623577 0.432667 0.0157182 0.0306667 0.000133782
0 0.667751 0.776 0.0303523 0.0746667 0.00013888
0 0.0162602 0.13 0.0271003 0.0813333 0.0001491
0 0.304065 0.548667 0.119241 0.305333 0.000171309
0 0.0512195 0.382 0.102439 0.748 0.00017914
0 0.0531165 0.716667 0.105149 0.297333 0.000182868
0 0.317344 0.281333 0.0233062 0.04 0.000183433
0 0.31626 0.279333 0.0157182 0.0253333 0.000183468
0 0.347696 0.898 0.0569106 0.0893333 0.000189691
0 0.478049 0.775333 0.0498645 0.0626667 0.000196496
0 0.0138211 0.064 0.0276423 0.122667 0.000201106
0 0.0287263 0.114 0.0574526 0.217333 0.00022096
0 0.38374 0.746667 0.0357724 0.08 0.000225599
0 0.00921409 0.152 0.0184282 0.0586667 0.00023161
0 0.671003 0.757333 0.0249322 0.0453333 0.0002393
0 0.00542005 0.223333 0.0108401 0.18 0.000239976
0 0.168564 0.33 0.0433604 0.0546667 0.000245144
0 0.324119 0.294 0.0357724 0.0626667 0.000256985
0 0.313279 0.906667 0.0899729 0.133333 0.000262309
0 0.25393 0.252667 0.0319783 0.068 0.000294387
0 0.00894309 0.395333 0.0178862 0.132 0.000295775
0 0.00894309 0.302 0.0178862 0.177333 0.000312084
0 0.0224932 0.344667 0.0449864 0.198667 0.000338084
0 0.00433604 0.264667 0.00867209 0.0893333 0.000352938
0 0.270732 0.384667 0.0189702 0.036 0.000395366
0 0.333875 0.866667 0.0834688 0.144 0.000401452
0 0.0699187 0.612667 0.0542005 0.0813333 0.000422781
0 0.0322493 0.216667 0.0298103 0.0466667 0.000449137
0 0.993225 0.825333 0.0135501 0.346667 0.000460427
0 0.0165312 0.15 0.0189702 0.06 0.000479073
0 0.0449864 0.187333 0.0433604 0.126667 0.000532094
0 0.0780488 0.0526667 0.0596206 0.1 0.00053726
0 0.0195122 0.638667 0.0390244 0.218667 0.000574032
0 0.0138211 0.738 0.0276423 0.225333 0.000574793
0 0.0363144 0.172 0.0628726 0.176 0.000622737
0 0.307588 0.286667 0.0341463 0.048 0.000668892
0 0.0230352 0.779333 0.0460705 0.201333 0.000806275
0 0.0346883 0.234667 0.0639566 0.2 0.000916933
0 0.0487805 0.468667 0.0921409 0.204 0.000946797
0 0.0295393 0.512667 0.0590786 0.284 0.000979072
0 0.00921409 0.0993333 0.0184282 0.185333 0.00100386
0 0.0756098 0.523333 0.145799 0.305333 0.00107828
0 0.654201 0.0213333 0.0162602 0.0346667 0.00109302
0 0.271274 0.441333 0.0460705 0.088 0.00111071
0 0.0504065 0.639333 0.0943089 0.134667 0.00116749
0 0.0414634 0.226 0.0829268 0.449333 0.00126946
0 0.0216802 0.655333 0.0433604 0.481333 0.00175023
0 0.0287263 0.295333 0.0520325 0.217333 0.00179826
0 0.00677507 0.06 0.0135501 0.112 0.00182996
0 0.0327913 0.440667 0.0655827 0.148 0.00224377
0 0.0547425 0.135333 0.099729 0.265333 0.00270209
0 0.0298103 0.226667 0.0422764 0.0693333 0.00320118
0 0.0284553 0.256 0.0449864 0.12 0.00328948
0 0.0140921 0.82 0.0281843 0.216 0.00470096
0 0.0306233 0.192667 0.0460705 0.110667 0.00733971
0 0.327371 0.892667 0.0628726 0.0893333 0.00821407
0 0.0224932 0.560667 0.0417344 0.164 0.00887411
0 0.72439 0.956 0.0406504 0.064 0.0105185
0 0.0384824 0.597333 0.0769648 0.461333 0.0197739
0 0.345799 0.658667 0.0596206 0.0853333 0.0976015
0 0.368293 0.642 0.0818428 0.113333 0.876411
0 0.38374 0.438667 0.0444444 0.0826667 0.882643
0 0.490515 0.698 0.0585366 0.076 0.895765
0 0.588347 0.645333 0.0471545 0.0613333 0.899063
0 0.61897 0.265333 0.0487805 0.173333 0.930242
0 0.389973 0.158667 0.0829268 0.226667 0.936191
