0 0.439295 0.527333 0.0157182 0.0386667 0.000101125
0 0.00921409 0.905333 0.0184282 0.178667 0.000106968
0 0.0306233 0.886667 0.0612466 0.221333 0.000107005
0 0.966396 0 0.0672087 0 0.000110493
0 0.0308943 0.0753333 0.0433604 0.142667 0.000113523
0 0.242005 0.494667 0.0482385 0.104 0.00011609
0 0.337669 0.002 0.130081 0.004 0.000123043
0 0.980759 0.18 0.0384824 0.336 0.000127511
0 0.41355 0 0.0780488 0 0.000131667
0 0.993496 0.899333 0.0130081 0.198667 0.000132811
0 0.636043 0.32 0.0124661 0.0373333 0.000134312
0 0.988889 0 0.0222222 0 0.000140346
0 0.368293 0.044 0.0623306 0.088 0.000145234
0 0.0766938 0 0.105691 0 0.000157248
0 0.985095 0.89 0.0287263 0.217333 0.00017411
0 0.752846 0.849333 0.0466125 0.218667 0.000175093
0 0.406775 0.0393333 0.0254743 0.0626667 0.000177673
0 0.00677507 0.175333 0.0135501 0.321333 0.000198313
0 0.0102981 0.374667 0.0205962 0.274667 0.000213473
0 0.00596206 0.301333 0.0119241 0.184 0.000240016
0 0.00650406 0.364667 0.0130081 0.201333 0.000278684
0 0.0260163 0.116 0.0520325 0.184 0.000310062
0 0.0138211 0.312 0.0276423 0.288 0.000376819
0 0.982927 0.81 0.0341463 0.377333 0.000385716
0 0.434688 0.00266667 0.0509485 0.00533333 0.000500856
0 0.588618 0.152 0.0390244 0.136 0.000587289
0 0.511382 0.078 0.0233062 0.0413333 0.000647424
0 0.987805 0.307333 0.0243902 0.54 0.00068876
0 0.992683 0.316 0.0146341 0.365333 0.000839906
0 0.866125 0.792667 0.264499 0.404 0.000920491
0 0.764499 0.804667 0.0536585 0.228 0.00095315
0 0.386721 0.002 0.0775068 0.004 0.00103281
0 0.992141 0.811333 0.0157182 0.374667 0.00198488
0 0.0143631 0.103333 0.0265583 0.137333 0.00248581
0 0.387263 0.0393333 0.0634146 0.0733333 0.00357264
0 0.777236 0.840667 0.0878049 0.302667 0.00386923
0 0.00785908 0.0873333 0.0157182 0.166667 0.00662088
0 0.00596206 0.0573333 0.0119241 0.109333 0.0133506
0 0.0891599 0.108667 0.17832 0.209333 0.858664
0 0.356911 0.378667 0.118699 0.125333 0.921574
0 0.555014 0.372 0.0845528 0.146667 0.942721
