0 0.111653 0.384 0.0747968 0.152 0.000108841
0 0.428997 0.52 0.00813008 0.0186667 0.000109585
0 0.995935 0.427333 0.00813008 0.084 0.000117854
0 0.141192 0.522 0.0861789 0.174667 0.000120215
0 0.485637 0.024 0.0162602 0.04 0.000124527
0 0.327913 0.6 0.0368564 0.0613333 0.000140557
0 0.278591 0.662667 0.0303523 0.072 0.000143399
0 0.993496 0.419333 0.0130081 0.124 0.000160349
0 0.537669 0.894 0.00867209 0.0253333 0.000181371
0 0.123848 0.418667 0.0623306 0.0746667 0.000222876
0 0.421409 0.944 0.00813008 0.024 0.000229881
0 0.995935 0.905333 0.00813008 0.189333 0.000242909
0 0.336043 0.985333 0.0119241 0.0266667 0.00025223
0 0.0566396 0.318667 0.0460705 0.138667 0.000257719
0 0.141192 0.572667 0.278049 0.854667 0.000261909
0 0.959079 0.497333 0.0818428 0.224 0.000267054
0 0.202981 0.00466667 0.0406504 0.00933333 0.000299024
0 0.0598916 0.506667 0.0417344 0.0906667 0.000312669
0 0.320867 0.617333 0.0281843 0.0613333 0.000336718
0 0.463957 0.927333 0.0097561 0.0386667 0.000343763
0 0.229268 0.629333 0.0357724 0.056 0.000343974
0 0.380217 0.968667 0.00813008 0.0253333 0.000348646
0 0.0452575 0.28 0.0547425 0.216 0.000422554
0 0.482385 0.0193333 0.00758808 0.0253333 0.000536378
0 0.0509485 0.208 0.0368564 0.109333 0.000601045
0 0.136585 0.548667 0.0455285 0.121333 0.00060611
0 0.0615176 0.322667 0.0395664 0.0773333 0.000836597
0 0.482927 0.242 0.0140921 0.0306667 0.00100402
0 0.0523035 0.237333 0.0319783 0.0773333 0.00122669
0 0.231165 0.869333 0.0395664 0.0933333 0.00129414
0 0.193225 0.0313333 0.0417344 0.0573333 0.00139233
0 0.0504065 0.26 0.0401084 0.141333 0.00275395
0 0.192141 0.018 0.0384824 0.036 0.768388
0 0.511382 0.280667 0.0243902 0.0653333 0.879514
0 0.293767 0.452 0.0574526 0.0906667 0.888275
0 0.257724 0.329333 0.0666667 0.0906667 0.896498
0 0.449865 0.034 0.0292683 0.0653333 0.900612
0 0.491599 0.456667 0.0271003 0.0973333 0.919877
