0 0.575068 0.992 0.0130081 0.016 0.000107621
0 0.604336 0.923333 0.0140921 0.036 0.000135958
0 0.182927 0.790667 0.0460705 0.048 0.000142224
0 0.51897 0.98 0.0102981 0.032 0.000157019
0 0.991328 0.888667 0.0173442 0.222667 0.00027615
0 0.650949 0.75 0.0173442 0.0386667 0.000292799
0 0.545257 0.942 0.0119241 0.0413333 0.000420844
0 0.995393 0.922667 0.00921409 0.154667 0.000556498
0 0.645257 0.971333 0.0265583 0.0546667 0.891671
0 0.678049 0.788 0.0336043 0.0853333 0.898781
0 0.358266 0.958 0.0910569 0.0813333 0.904794
0 0.626016 0.448 0.0466125 0.181333 0.937715
0 0.295664 0.518 0.0894309 0.174667 0.947757
