0 0.949323 0.683333 0.101355 0.628 0.000102142
0 0.992412 0.163333 0.0151762 0.284 0.000103989
0 0.380759 0.290667 0.0157182 0.04 0.000110424
0 0.991057 0 0.0178862 0 0.000113315
0 0.876423 0.0826667 0.0531165 0.152 0.000119498
0 0.734417 0 0.146341 0 0.0001222
0 0.0371274 0.771333 0.0742547 0.457333 0.00012578
0 0.988076 0.49 0.0238482 0.198667 0.000129377
0 0.964499 0.393333 0.0514905 0.128 0.000131711
0 0.00785908 0.912 0.0157182 0.176 0.000132057
0 0.909756 0.386 0.101355 0.129333 0.00014252
0 0.97019 0.532 0.0596206 0.256 0.000145141
0 0.0628726 0.00466667 0.125745 0.00933333 0.000150505
0 0.842818 0.0886667 0.0899729 0.164 0.000150944
0 0.859892 0.214667 0.257453 0.429333 0.000151079
0 0.389702 0.134667 0.0216802 0.0613333 0.000156802
0 0.90813 0.893333 0.0124661 0.0533333 0.000158053
0 0.914363 0.0146667 0.0737127 0.0293333 0.000168715
0 0.266396 0.0393333 0.0384824 0.068 0.000171536
0 0.941734 0.0146667 0.0644986 0.0293333 0.000172167
0 0.53252 0.167333 0.0493225 0.185333 0.000174874
0 0.761247 0.0453333 0.0818428 0.0853333 0.000175986
0 0.0476965 0.538667 0.0390244 0.157333 0.00018172
0 0.982385 0.411333 0.0352304 0.129333 0.000184794
0 0.95393 0.000666667 0.0856369 0.00133333 0.00018501
0 0.746883 0.603333 0.0401084 0.0786667 0.000192781
0 0.995393 0.97 0.00921409 0.06 0.000195289
0 0.987805 0.374 0.0243902 0.102667 0.000213754
0 0.693225 0.046 0.0390244 0.0893333 0.000225841
0 0.86477 0.102667 0.0330623 0.114667 0.000243428
0 0.989973 0.435333 0.0200542 0.169333 0.000249939
0 0.0168022 0.730667 0.0336043 0.528 0.000267961
0 0.968293 0.782 0.0634146 0.430667 0.000275052
0 0.91897 0.741333 0.0287263 0.144 0.000294323
0 0.705691 0.962667 0.0151762 0.04 0.000297181
0 0.795393 0.034 0.0471545 0.0626667 0.000303695
0 0.0303523 0.0873333 0.0552846 0.169333 0.000322663
0 0.778591 0.0306667 0.0471545 0.0533333 0.000360588
0 0.995393 0.129333 0.00921409 0.205333 0.000366959
0 0.0582656 0.319333 0.0753388 0.337333 0.00041562
0 0.0934959 0.246667 0.152304 0.490667 0.000422284
0 0.723577 0.738 0.0195122 0.0386667 0.000423177
0 0.0102981 0.842667 0.0205962 0.309333 0.000442369
0 0.734417 0.056 0.117073 0.109333 0.000457787
0 0.253388 0.0433333 0.0287263 0.0733333 0.00046613
0 0.987534 0.734 0.0249322 0.532 0.00049665
0 0.925474 0.026 0.0569106 0.052 0.000629516
0 0.887263 0.381333 0.0617886 0.104 0.000651201
0 0.969919 0.434667 0.0601626 0.173333 0.000718433
0 0.986721 0.102667 0.0265583 0.205333 0.000755082
0 0.925203 0.227333 0.145257 0.414667 0.00101033
0 0.993225 0.0873333 0.0135501 0.164 0.00113169
0 0.906233 0.333333 0.101897 0.194667 0.00114065
0 0.959621 0.428667 0.0406504 0.126667 0.00124431
0 0.98916 0.906 0.0216802 0.188 0.00126903
0 0.984282 0.85 0.0314363 0.3 0.00150817
0 0.626558 0.134667 0.0455285 0.109333 0.00153082
0 0.939024 0.0173333 0.0276423 0.0293333 0.00176225
0 0.598374 0.757333 0.0184282 0.0453333 0.00189694
0 0.992141 0.826 0.0157182 0.348 0.00463897
0 0.994038 0.884 0.0119241 0.232 0.0242666
0 0.28645 0.076 0.097019 0.146667 0.869451
0 0.469648 0.661333 0.0731707 0.288 0.91858
0 0.828726 0.869333 0.107317 0.149333 0.927651
0 0.328997 0.466 0.110569 0.212 0.944776
0 0.61355 0.893333 0.0726287 0.197333 0.94504
