0 0.0804878 0.948667 0.0178862 0.0413333 0.000101437
0 0.00813008 0.218 0.0162602 0.436 0.000110442
0 0.441734 0.194 0.0162602 0.028 0.000114801
0 0.99187 0.706667 0.0162602 0.109333 0.000116219
0 0.0937669 0.987333 0.0271003 0.0253333 0.000121439
0 0.582656 0.207333 0.0108401 0.0306667 0.000130166
0 0.458266 0.783333 0.0124661 0.0253333 0.000145096
0 0.0159892 0.454 0.0319783 0.814667 0.000149621
0 0.0333333 0.832 0.0666667 0.328 0.000150317
0 0.504336 0.284667 0.0146341 0.0493333 0.000150591
0 0.466938 0 0.0373984 0 0.000154627
0 0.363686 0.103333 0.0130081 0.076 0.000154694
0 0.995393 0.421333 0.00921409 0.149333 0.000158327
0 0.0284553 0.375333 0.0189702 0.145333 0.000166969
0 0.0252033 0.447333 0.0211382 0.126667 0.000169012
0 0.0124661 0.734 0.0249322 0.532 0.000172265
0 0.987805 0.896667 0.0243902 0.204 0.000188518
0 0.481301 0.0233333 0.0314363 0.044 0.00020735
0 0.631165 0.104667 0.0178862 0.0733333 0.00022343
0 0.99187 0.556667 0.0119241 0.108 0.000241593
0 0.711382 0.0826667 0.0233062 0.0453333 0.000247438
0 0.478049 0.678667 0.0119241 0.04 0.000248693
0 0.438211 0.0153333 0.0536585 0.0306667 0.000311375
0 0.505691 0.0153333 0.0130081 0.0253333 0.000313032
0 0.00813008 0.758667 0.0162602 0.317333 0.000317162
0 0.989973 0.848 0.0200542 0.117333 0.000328889
0 0.0219512 0.225333 0.0439024 0.450667 0.000395432
0 0.738211 0.185333 0.0184282 0.0746667 0.000396385
0 0.709756 0.222 0.0211382 0.0413333 0.000454238
0 0.995393 0.495333 0.00921409 0.204 0.000514993
0 0.470732 0.016 0.0319783 0.032 0.000542431
0 0.565854 0.488667 0.0184282 0.0306667 0.000688204
0 0.994038 0.542667 0.0119241 0.157333 0.00109831
0 0.571816 0.322667 0.0173442 0.048 0.00175365
0 0.0279133 0.416 0.0146341 0.056 0.00175509
0 0.0100271 0.84 0.0200542 0.314667 0.00223865
0 0.56477 0.302 0.0303523 0.0866667 0.00340306
0 0.585366 0.443333 0.0162602 0.068 0.376194
0 0.436585 0.0253333 0.0449864 0.048 0.821289
0 0.661789 0.723333 0.0531165 0.150667 0.913348
0 0.391599 0.616667 0.0525745 0.22 0.9246
0 0.248509 0.121333 0.095935 0.237333 0.925477
0 0.73252 0.412 0.0601626 0.128 0.927767
