0 0.408401 0.00266667 0.0612466 0.00533333 0.000134949
0 0.265854 0.722667 0.098103 0.173333 0.000139239
0 0.553117 0.418667 0.0124661 0.0373333 0.00022219
0 0.718157 0.284 0.0325203 0.08 0.000229044
0 0.588889 0.141333 0.0211382 0.032 0.00050332
0 0.692954 0.380667 0.0146341 0.0253333 0.00151634
0 0.647425 0.790667 0.0222222 0.04 0.00343114
0 0.627913 0.216 0.0168022 0.04 0.0971093
0 0.40542 0.0433333 0.0574526 0.084 0.903294
0 0.757995 0.528667 0.0753388 0.0946667 0.933918
0 0.501084 0.194 0.0688347 0.265333 0.93393
0 0.601626 0.471333 0.0628726 0.158667 0.93724
