0 0.744986 0.15 0.0189702 0.0333333 0.000104057
0 0.710027 0.0146667 0.0379404 0.0293333 0.000104675
0 0.44065 0.346667 0.0130081 0.032 0.000107044
0 0.569648 0.002 0.0379404 0.004 0.000113614
0 0.786721 0.558 0.0243902 0.0333333 0.000120694
0 0.562331 0.0166667 0.0363144 0.0333333 0.000144709
0 0.95393 0.407333 0.0281843 0.092 0.000277276
0 0.706233 0.0133333 0.0379404 0.0266667 0.000325124
0 0.992412 0.106667 0.0151762 0.213333 0.000361411
0 0.68374 0.434667 0.0157182 0.0613333 0.000407784
0 0.150949 0.519333 0.296477 0.956 0.000484478
0 0.626287 0.578 0.0146341 0.0333333 0.000706325
0 0.831436 0.038 0.0271003 0.0626667 0.00157936
0 0.709485 0.0166667 0.0336043 0.0306667 0.626793
0 0.56206 0.0286667 0.0346883 0.0546667 0.869748
0 0.504336 0.614 0.0547425 0.222667 0.925961
0 0.612737 0.802667 0.0547425 0.152 0.936318
0 0.782385 0.789333 0.0807588 0.114667 0.936479
0 0.402981 0.474 0.0764228 0.156 0.943675
0 0.385908 0.125333 0.0791328 0.248 0.945244
