0 0.873713 0.120667 0.0823848 0.118667 0.000100896
0 0.281301 0.046 0.0325203 0.068 0.000103738
0 0.00542005 0.27 0.0108401 0.324 0.000106769
0 0.375068 0.307333 0.0878049 0.225333 0.000111154
0 0.0295393 0.830667 0.0590786 0.336 0.000111806
0 0.5729 0.644 0.102981 0.162667 0.000112406
0 0.114634 0.268667 0.0471545 0.201333 0.000113505
0 0.750948 0.788667 0.100271 0.193333 0.000116238
0 0.986179 0.735333 0.0276423 0.526667 0.000117284
0 0.0639566 0.214 0.0639566 0.169333 0.000117956
0 0.273442 0.206 0.0894309 0.22 0.000118114
0 0.753117 0.110667 0.0525745 0.072 0.000118117
0 0.992141 0.0793333 0.0157182 0.158667 0.000119103
0 0.347154 0.316 0.0590786 0.186667 0.000122488
0 0.630352 0.548667 0.0639566 0.113333 0.00012362
0 0.82439 0.221333 0.201626 0.408 0.000128037
0 0.00596206 0.0753333 0.0119241 0.150667 0.000130479
0 0.856369 0.151333 0.0563686 0.0893333 0.000130501
0 0.00948509 0.926667 0.0189702 0.144 0.000131906
0 0.914634 0.182 0.0254743 0.068 0.000131957
0 0.911111 0.112667 0.0292683 0.0946667 0.000132755
0 0.846341 0.171333 0.0395664 0.0546667 0.000133608
0 0.766396 0.753333 0.0878049 0.152 0.000133998
0 0.572358 0.0646667 0.0184282 0.0946667 0.000135428
0 0.836856 0.082 0.0704607 0.092 0.00013572
0 0.798374 0.137333 0.149594 0.210667 0.000137492
0 0.0780488 0.000666667 0.156098 0.00133333 0.000137524
0 0.617615 0.590667 0.0254743 0.072 0.000137771
0 0.0444444 0.731333 0.0888889 0.534667 0.000137957
0 0.643902 0.529333 0.0498645 0.128 0.000138649
0 0.542276 0.663333 0.0243902 0.068 0.000139562
0 0.732791 0.568 0.0281843 0.0506667 0.000142039
0 0.726829 0.0526667 0.0292683 0.0893333 0.000144014
0 0.66748 0.18 0.0384824 0.133333 0.000144408
0 0.0097561 0.0946667 0.0195122 0.189333 0.000146182
0 0.715447 0.677333 0.0281843 0.088 0.000146528
0 0.988618 0.897333 0.0227642 0.205333 0.000150438
0 0.459621 0.795333 0.00867209 0.028 0.00015132
0 0.562602 0.230667 0.0249322 0.0826667 0.000151445
0 0.62981 0.632 0.0336043 0.0826667 0.000152712
0 0.852575 0.158667 0.0368564 0.056 0.000157056
0 0.306233 0.202667 0.0607046 0.152 0.000159749
0 0.73252 0.192667 0.0363144 0.102667 0.000161231
0 0.550677 0.638 0.0607046 0.132 0.000163489
0 0.70271 0.0366667 0.0417344 0.0706667 0.000170967
0 0.284824 0.0346667 0.0211382 0.0533333 0.000177602
0 0.647425 0.109333 0.0460705 0.117333 0.00018504
0 0.82439 0.110667 0.0487805 0.109333 0.000187889
0 0.0181572 0.752 0.0363144 0.477333 0.00018995
0 0.898645 0.102667 0.0314363 0.0853333 0.000195328
0 0.747967 0.000666667 0.143089 0.00133333 0.00020005
0 0.349593 0.356 0.0390244 0.128 0.000200892
0 0.995935 0.986667 0.00813008 0.0266667 0.000209411
0 0.0108401 0.176 0.0216802 0.352 0.000216243
0 0.0691057 0.196667 0.0298103 0.0946667 0.000216848
0 0.758808 0.772667 0.0368564 0.0706667 0.000220517
0 0.16748 0.474 0.0281843 0.0386667 0.000220777
0 0.927913 0.496 0.139837 0.2 0.000223628
0 0.800542 0.119333 0.0379404 0.102667 0.000229517
0 0.566938 0.22 0.0173442 0.0506667 0.000231147
0 0.787263 0.0486667 0.0612466 0.0973333 0.000233739
0 0.0151762 0.879333 0.0303523 0.236 0.000249996
0 0.492683 0.00133333 0.0563686 0.00266667 0.000264402
0 0.662331 0.578 0.0260163 0.0573333 0.000275859
0 0.640921 0.611333 0.0579946 0.132 0.000276577
0 0.561789 0.356667 0.0222222 0.0573333 0.000291952
0 0.637127 0.098 0.0233062 0.0973333 0.000335005
0 0.727913 0.0726667 0.0390244 0.092 0.000338107
0 0.99187 0.816667 0.0162602 0.366667 0.000339163
0 0.00840108 0.858667 0.0168022 0.266667 0.000341609
0 0.736856 0.12 0.0308943 0.0826667 0.00036021
0 0.00623306 0.146 0.0124661 0.281333 0.000361407
0 0.621951 0.622667 0.0287263 0.0666667 0.000374011
0 0.810027 0.072 0.0493225 0.0826667 0.000392583
0 0.0555556 0.136 0.0514905 0.152 0.000407737
0 0.733604 0.146667 0.0460705 0.138667 0.000414062
0 0.560705 0.39 0.0222222 0.0626667 0.000418884
0 0.31626 0.884 0.0157182 0.0426667 0.000433961
0 0.64336 0.582667 0.0476965 0.0853333 0.000458502
0 0.750135 0.1 0.0346883 0.0453333 0.000513442
0 0.810027 0.0813333 0.0222222 0.0453333 0.000539955
0 0.712195 0.05 0.0401084 0.0893333 0.000549329
0 0.661789 0.596 0.0336043 0.104 0.000619413
0 0.975068 0.414 0.0498645 0.134667 0.000689997
0 0.911111 0.128 0.0238482 0.0586667 0.000705354
0 0.91355 0.157333 0.0254743 0.072 0.000708364
0 0.737398 0.186 0.0254743 0.0706667 0.000717048
0 0.934417 0.416667 0.0628726 0.158667 0.000730247
0 0.786992 0.746 0.123577 0.206667 0.000760946
0 0.671274 0.561333 0.0482385 0.08 0.000770648
0 0.41897 0.43 0.0303523 0.076 0.000803122
0 0.763957 0.0586667 0.104607 0.117333 0.0008036
0 0.718428 0.0373333 0.0254743 0.0693333 0.000899561
0 0.739837 0.098 0.0336043 0.0413333 0.000979507
0 0.640108 0.144 0.0639566 0.146667 0.00104323
0 0.800813 0.0886667 0.0395664 0.06 0.00115043
0 0.750678 0.344667 0.0542005 0.134667 0.00117042
0 0.965312 0.462 0.0661247 0.18 0.00124718
0 0.994851 0.857333 0.0102981 0.285333 0.00145987
0 0.959892 0.424 0.0433604 0.130667 0.00153945
0 0.0634146 0.0893333 0.0422764 0.0933333 0.00167972
0 0.523306 0.37 0.0417344 0.0493333 0.00197912
0 0.996206 0.918 0.00758808 0.164 0.00246804
0 0.359892 0.334667 0.0379404 0.157333 0.00398817
0 0.819512 0.0826667 0.0336043 0.0506667 0.00524344
0 0.659079 0.561333 0.0260163 0.0666667 0.0117744
0 0.629539 0.126667 0.0395664 0.0986667 0.01923
0 0.29458 0.156667 0.0482385 0.121333 0.809179
0 0.243902 0.730667 0.0650406 0.218667 0.895667
0 0.0945799 0.256667 0.0818428 0.225333 0.906142
0 0.548781 0.895333 0.0688347 0.105333 0.906226
0 0.463957 0.108 0.0672087 0.2 0.913676
0 0.121409 0.597333 0.0943089 0.154667 0.923992
0 0.371003 0.908 0.0525745 0.144 0.929777
