0 0.90813 0.52 0.170732 0.237333 0.000100232
0 0.549594 0.576 0.0390244 0.0906667 0.000102874
0 0.713008 0.0653333 0.0233062 0.064 0.000102997
0 0.301897 0.000666667 0.115989 0.00133333 0.000103194
0 0.467751 0.315333 0.0390244 0.092 0.00010353
0 0.595122 0.974 0.0563686 0.052 0.000104835
0 0.713821 0 0.112737 0 0.000105932
0 0.837398 0.00133333 0.18103 0.00266667 0.000108421
0 0.0146341 0.827333 0.0292683 0.332 0.000109241
0 0.473442 0.797333 0.0222222 0.08 0.000109688
0 0.505962 0 0.140379 0 0.000112452
0 0.619783 0.112667 0.0536585 0.092 0.000113527
0 0.887263 0.326 0.0747968 0.137333 0.000117921
0 0.847154 0.152667 0.0563686 0.129333 0.000129464
0 0.707588 0.128 0.0861789 0.248 0.000131575
0 0.931165 0 0.137669 0 0.000132493
0 0.931165 0.818 0.0769648 0.113333 0.000133288
0 0.969377 0.536667 0.0612466 0.270667 0.000134919
0 0.492683 0.17 0.125745 0.284 0.000136661
0 0.842276 0.098 0.18103 0.169333 0.000137396
0 0.929539 0.684 0.140921 0.632 0.000142954
0 0.570732 0.982 0.0856369 0.036 0.000143456
0 0.279675 0.0973333 0.0487805 0.138667 0.000147252
0 0.788076 0.134667 0.0780488 0.168 0.000147317
0 0.63252 0.18 0.0498645 0.128 0.000147627
0 0.395393 0.885333 0.0102981 0.0266667 0.000151412
0 0.463144 0.292667 0.0395664 0.0733333 0.000153792
0 0.90813 0.062 0.142547 0.124 0.000156741
0 0.511653 0.973333 0.0119241 0.0346667 0.000157137
0 0.81626 0.0473333 0.0650406 0.0893333 0.000157264
0 0.787263 0.056 0.0699187 0.106667 0.000160859
0 0.454201 0.158 0.0791328 0.236 0.000166758
0 0.974526 0.723333 0.0509485 0.553333 0.000173094
0 0.989431 0.436667 0.0211382 0.148 0.000178551
0 0.269377 0.142667 0.0227642 0.048 0.000180114
0 0.465854 0.222 0.0525745 0.113333 0.00018283
0 0.490244 0.0873333 0.0482385 0.156 0.000195261
0 0.649593 0.125333 0.0764228 0.165333 0.00019857
0 0.645799 0.114667 0.0493225 0.12 0.000211543
0 0.375339 0.273333 0.0439024 0.149333 0.000216006
0 0.198645 0.111333 0.192412 0.222667 0.000220719
0 0.00813008 0.868 0.0162602 0.256 0.000226248
0 0.941734 0.413333 0.0449864 0.117333 0.00024205
0 0.485095 0.23 0.0737127 0.14 0.00025067
0 0.952575 0.48 0.0915989 0.194667 0.000257745
0 0.974526 0.413333 0.0509485 0.130667 0.000261923
0 0.7271 0.198 0.118699 0.38 0.000262526
0 0.887263 0.294667 0.0509485 0.0746667 0.000281073
0 0.769377 0.000666667 0.190244 0.00133333 0.000281397
0 0.352846 0.084 0.0390244 0.141333 0.000285594
0 0.35393 0.339333 0.0173442 0.036 0.000289109
0 0.986721 0.736 0.0265583 0.522667 0.000293014
0 0.784824 0.114 0.0433604 0.105333 0.000306532
0 0.795393 0.153333 0.0417344 0.0773333 0.000334523
0 0.449051 0.212667 0.0471545 0.0946667 0.000340346
0 0.729268 0.858667 0.0623306 0.162667 0.000341997
0 0.705962 0.052 0.0352304 0.0986667 0.00035793
0 0.853659 0.032 0.0867209 0.0613333 0.000375946
0 0.841463 0.212 0.16748 0.397333 0.000386827
0 0.734417 0.0833333 0.0888889 0.164 0.000406662
0 0.640108 0.148 0.0466125 0.12 0.000410665
0 0.636314 0.102 0.0260163 0.0866667 0.000417306
0 0.525474 0.556667 0.0406504 0.052 0.000476372
0 0.714905 0.816 0.0336043 0.0773333 0.00049114
0 0.989702 0.845333 0.0205962 0.306667 0.000620715
0 0.831978 0.561333 0.0325203 0.048 0.000722673
0 0.239295 0.77 0.0200542 0.044 0.00077488
0 0.761247 0.0846667 0.0601626 0.158667 0.000951908
0 0.494038 0.771333 0.0254743 0.0546667 0.00100686
0 0.439837 0.212 0.0254743 0.088 0.00101257
0 0.969106 0.453333 0.0617886 0.176 0.00109789
0 0.82981 0.0253333 0.0379404 0.048 0.00114409
0 0.94851 0.0353333 0.0650406 0.068 0.00118787
0 0.753659 0.886667 0.112195 0.224 0.00123815
0 0.930352 0.400667 0.0753388 0.156 0.00138906
0 0.580488 0.973333 0.0509485 0.048 0.00150826
0 0.79458 0.132 0.0379404 0.064 0.00155645
0 0.474526 0.677333 0.0276423 0.0826667 0.00206278
0 0.957724 0.417333 0.0390244 0.114667 0.00229243
0 0.582385 0.983333 0.0601626 0.0333333 0.00259209
0 0.99458 0.854667 0.0108401 0.290667 0.00308731
0 0.76477 0.096 0.0379404 0.122667 0.0037368
0 0.630081 0.130667 0.0417344 0.0986667 0.0136413
0 0.800813 0.076 0.108943 0.152 0.0162853
0 0.59187 0.984 0.0390244 0.032 0.499653
0 0.32168 0.943333 0.0428184 0.108 0.859254
0 0.36477 0.45 0.0411924 0.105333 0.888701
0 0.518428 0.372667 0.0623306 0.174667 0.913771
0 0.191599 0.902 0.100271 0.134667 0.934882
0 0.161789 0.589333 0.104607 0.24 0.9452
