0 0.73523 0.000666667 0.149051 0.00133333 0.000100399
0 0.00813008 0.909333 0.0162602 0.181333 0.000102691
0 0.941734 0.496 0.107859 0.186667 0.000102914
0 0.950136 0.85 0.098645 0.297333 0.000104038
0 0.68103 0.044 0.0287263 0.0853333 0.0001041
0 0.528726 0.132667 0.0612466 0.26 0.00010551
0 0.824932 0.0733333 0.111653 0.146667 0.000106391
0 0.0373984 0.680667 0.0747968 0.625333 0.000110677
0 0.365312 0.955333 0.0379404 0.076 0.000112406
0 0.992412 0.163333 0.0151762 0.284 0.000118162
0 0.990786 0 0.0184282 0 0.000120881
0 0.38103 0.291333 0.0162602 0.0386667 0.000122126
0 0.389973 0.134667 0.0211382 0.0613333 0.000124831
0 0.693225 0.0453333 0.0379404 0.088 0.000126287
0 0.988618 0.493333 0.0227642 0.208 0.000136092
0 0.965583 0.394667 0.0514905 0.130667 0.000139958
0 0.131978 0.248667 0.229268 0.497333 0.00014031
0 0.763957 0.0426667 0.0764228 0.08 0.000140671
0 0.0620596 0.004 0.124119 0.008 0.000143467
0 0.91626 0.0133333 0.0731707 0.0266667 0.000151439
0 0.970461 0.536 0.0590786 0.264 0.000153972
0 0.941192 0.014 0.0601626 0.028 0.000164289
0 0.0463415 0.538667 0.0395664 0.16 0.000165486
0 0.966125 0.747333 0.0677507 0.505333 0.000170749
0 0.952846 0.000666667 0.0899729 0.00133333 0.00017378
0 0.747967 0.601333 0.0422764 0.072 0.000182466
0 0.725203 0.0553333 0.0921409 0.105333 0.00018272
0 0.995393 0.964667 0.00921409 0.0706667 0.000186749
0 0.980488 0.148667 0.0390244 0.284 0.000191678
0 0.266667 0.0393333 0.0390244 0.068 0.000204401
0 0.988618 0.380667 0.0227642 0.118667 0.000206233
0 0.910027 0.327333 0.124661 0.217333 0.000210114
0 0.930081 0.283333 0.0596206 0.108 0.000213654
0 0.992683 0.438667 0.0146341 0.168 0.000218613
0 0.985637 0.414667 0.0287263 0.136 0.00024191
0 0.994851 0.782667 0.0102981 0.352 0.000280709
0 0.995122 0.128667 0.0097561 0.228 0.000289933
0 0.0097561 0.845333 0.0195122 0.304 0.00031011
0 0.0563686 0.314 0.0715447 0.342667 0.000315289
0 0.779675 0.0306667 0.0449864 0.0533333 0.000327034
0 0.0170732 0.724667 0.0341463 0.54 0.00037358
0 0.723848 0.738667 0.0200542 0.0373333 0.000408298
0 0.92439 0.223333 0.149051 0.428 0.000429014
0 0.985637 0.895333 0.0287263 0.206667 0.000480893
0 0.253659 0.0426667 0.0281843 0.072 0.000503438
0 0.969919 0.436 0.0590786 0.173333 0.000521277
0 0.802168 0.034 0.0531165 0.0626667 0.000559388
0 0.0707317 0.245333 0.102439 0.482667 0.000588287
0 0.926558 0.0266667 0.0579946 0.0533333 0.00062172
0 0.983198 0.794 0.0336043 0.409333 0.000669612
0 0.986721 0.102 0.0265583 0.204 0.000802518
0 0.626016 0.134667 0.0476965 0.109333 0.00120736
0 0.993496 0.084 0.0130081 0.157333 0.00134518
0 0.95935 0.430667 0.0390244 0.130667 0.00134856
0 0.938753 0.0173333 0.0260163 0.0293333 0.00148186
0 0.598916 0.759333 0.0184282 0.0466667 0.00167623
0 0.533333 0.174667 0.0466125 0.170667 0.00181463
0 0.990244 0.830667 0.0195122 0.338667 0.00340491
0 0.994038 0.874667 0.0119241 0.250667 0.0271418
0 0.286721 0.076 0.097561 0.146667 0.873403
0 0.469648 0.666667 0.0731707 0.28 0.902295
0 0.829539 0.871333 0.106775 0.150667 0.922959
0 0.329539 0.466667 0.111653 0.213333 0.945373
0 0.613821 0.894 0.0731707 0.198667 0.94567
