0 0.422493 0.143333 0.0720867 0.14 0.000100267
0 0.30813 0.002 0.0710027 0.004 0.000100745
0 0.482385 0.0333333 0.0368564 0.0506667 0.000100974
0 0.575068 0.0546667 0.0281843 0.0586667 0.000101092
0 0.00704607 0.434667 0.0140921 0.162667 0.000101145
0 0.1271 0.166667 0.0623306 0.136 0.000103547
0 0.681572 0.409333 0.249865 0.28 0.000103574
0 0.322764 0.179333 0.421138 0.356 0.000104006
0 0.552304 0.32 0.0292683 0.0693333 0.000105365
0 0.619783 0.935333 0.0200542 0.0866667 0.000105497
0 0.395122 0.145333 0.0444444 0.112 0.000105503
0 0.633604 0.884667 0.0401084 0.161333 0.000106018
0 0.427913 0.00533333 0.0623306 0.0106667 0.000106278
0 0.284553 0.00333333 0.0823848 0.00666667 0.000106731
0 0.0317073 0.326 0.0634146 0.388 0.000109499
0 0.315176 0.704667 0.0157182 0.0306667 0.0001096
0 0.562602 0.0533333 0.0162602 0.0453333 0.000109606
0 0.495393 0.006 0.0704607 0.012 0.000111304
0 0.608943 0.13 0.0590786 0.177333 0.000112708
0 0.993496 0.392 0.0130081 0.181333 0.000115051
0 0.097019 0.202 0.0856369 0.110667 0.000115439
0 0.301626 0.149333 0.0720867 0.173333 0.000116596
0 0.178862 0.831333 0.189702 0.313333 0.000116752
0 0.309485 0.246667 0.0281843 0.0506667 0.000118045
0 0.476694 0.084 0.0233062 0.0746667 0.000124603
0 0.452304 0.082 0.0558266 0.137333 0.000124702
0 0.0241192 0.404 0.0482385 0.173333 0.000124991
0 0.132249 0.198 0.0444444 0.0866667 0.000127529
0 0.672629 0.014 0.0292683 0.0253333 0.000130031
0 0.271274 0.306 0.0710027 0.156 0.000130185
0 0.0357724 0.736667 0.0715447 0.489333 0.000138985
0 0.0758808 0.176667 0.127913 0.18 0.000139067
0 0.0387534 0.564 0.0579946 0.136 0.000140029
0 0.0704607 0.239333 0.0552846 0.0946667 0.000140566
0 0.230081 0.515333 0.127371 0.286667 0.000151807
0 0.476965 0.119333 0.0325203 0.150667 0.000154513
0 0.122764 0.242667 0.112195 0.146667 0.000157599
0 0.165041 0.239333 0.0905149 0.177333 0.000160026
0 0.0392954 0.238 0.0785908 0.257333 0.000160323
0 0.990244 0.796 0.0195122 0.405333 0.000161542
0 0.0742547 0.106 0.0357724 0.0733333 0.000161862
0 0.157453 0.192 0.0764228 0.122667 0.00016224
0 0.595935 0.256 0.0330623 0.072 0.00016274
0 0.115447 0.538667 0.0585366 0.117333 0.000165844
0 0.469648 0.0753333 0.0341463 0.084 0.000168239
0 0.0533875 0.295333 0.106775 0.508 0.000169511
0 0.0387534 0.38 0.0558266 0.181333 0.000172508
0 0.528184 0.0193333 0.0178862 0.0306667 0.000172823
0 0.989702 0.244 0.0205962 0.485333 0.000178725
0 0.610298 0.342 0.0422764 0.145333 0.000183424
0 0.167209 0.948 0.0905149 0.101333 0.000185261
0 0.208401 0.269333 0.171816 0.226667 0.000188818
0 0.102981 0.280667 0.162602 0.212 0.00019534
0 0.0569106 0.328 0.0672087 0.130667 0.000204383
0 0.0379404 0.674667 0.0661247 0.232 0.000205288
0 0.227371 0.168667 0.139295 0.297333 0.000208516
0 0.0292683 0.346667 0.0498645 0.162667 0.000208743
0 0.6 0.315333 0.0292683 0.0973333 0.000218118
0 0.495122 0.193333 0.1729 0.370667 0.000218732
0 0.144444 0.814 0.119783 0.222667 0.000218881
0 0.0420054 0.454667 0.0785908 0.117333 0.000219355
0 0.234688 0.0553333 0.0628726 0.108 0.000220274
0 0.19458 0.941333 0.0411924 0.08 0.000236238
0 0.0192412 0.234667 0.0384824 0.226667 0.000251176
0 0.463415 0.352 0.096477 0.333333 0.000265001
0 0.374255 0.0513333 0.0482385 0.092 0.000276132
0 0.0831978 0.220667 0.0211382 0.044 0.000277236
0 0.103523 0.225333 0.0661247 0.072 0.00028385
0 0.0631436 0.606667 0.126287 0.690667 0.000286593
0 0.944444 0.778 0.0829268 0.0893333 0.000306487
0 0.444444 0.00333333 0.0498645 0.00666667 0.000315439
0 0.120596 0.212 0.0341463 0.0746667 0.000316902
0 0.202439 0.623333 0.0428184 0.0733333 0.000319077
0 0.0273713 0.572667 0.0428184 0.1 0.000323434
0 0.0170732 0.344 0.0341463 0.2 0.000342752
0 0.0794038 0.104667 0.110027 0.204 0.000342769
0 0.0189702 0.0646667 0.0379404 0.124 0.000346294
0 0.0639566 0.153333 0.0563686 0.125333 0.000358314
0 0.140921 0.714 0.262331 0.566667 0.000363904
0 0.324119 0.131333 0.0542005 0.116 0.000417261
0 0.312466 0.0686667 0.0699187 0.132 0.000418283
0 0.247154 0.102 0.0704607 0.182667 0.000424566
0 0.0298103 0.13 0.0596206 0.252 0.0004299
0 0.0479675 0.092 0.0894309 0.178667 0.000442741
0 0.41897 0.130667 0.0433604 0.104 0.000479436
0 0.0325203 0.764667 0.0607046 0.137333 0.000481483
0 0.565041 0.0653333 0.0124661 0.032 0.000498877
0 0.183198 0.126667 0.0628726 0.152 0.000504773
0 0.128726 0.109333 0.157724 0.216 0.000522232
0 0.164499 0.109333 0.0677507 0.184 0.000531231
0 0.151491 0.146667 0.0677507 0.114667 0.000536064
0 0.270732 0.203333 0.130623 0.374667 0.000539153
0 0.315176 0.153333 0.0373984 0.064 0.000574966
0 0.414905 0.190667 0.142547 0.354667 0.000601229
0 0.446883 0.006 0.0439024 0.012 0.000624307
0 0.589702 0.168 0.0401084 0.133333 0.000627635
0 0.0596206 0.146667 0.0303523 0.0533333 0.000629651
0 0.326016 0.054 0.0417344 0.0946667 0.000652581
0 0.0308943 0.3 0.0336043 0.114667 0.000663163
0 0.0663957 0.0633333 0.0569106 0.121333 0.000665828
0 0.582385 0.139333 0.0395664 0.148 0.000674555
0 0.14065 0.353333 0.280217 0.690667 0.000802381
0 0.182385 0.174 0.0449864 0.0653333 0.000827654
0 0.634146 0.142 0.0336043 0.124 0.000848654
0 0.0279133 0.695333 0.0525745 0.145333 0.000870383
0 0.0273713 0.499333 0.0514905 0.217333 0.000872928
0 0.210569 0.104 0.143631 0.205333 0.000915236
0 0.556911 0.328 0.0124661 0.032 0.00109391
0 0.255556 0.066 0.0514905 0.116 0.0011192
0 0.59729 0.19 0.0260163 0.0946667 0.00123565
0 0.593225 0.23 0.0330623 0.052 0.00126704
0 0.413008 0.101333 0.130081 0.178667 0.0015424
0 0.290244 0.0953333 0.111111 0.188 0.0015679
0 0.0284553 0.443333 0.0471545 0.110667 0.00191481
0 0.353659 0.0986667 0.113279 0.189333 0.00192028
0 0.169106 0.166 0.0411924 0.0653333 0.00233418
0 0.253659 0.302 0.0921409 0.204 0.00233806
0 0.283469 0.109333 0.262331 0.210667 0.0024688
0 0.405962 0.120667 0.0813008 0.126667 0.00265767
0 0.0151762 0.125333 0.0303523 0.248 0.00291518
0 0.00894309 0.074 0.0178862 0.14 0.00302959
0 0.0531165 0.289333 0.0888889 0.170667 0.0038373
0 0.0555556 0.164667 0.0948509 0.321333 0.00448511
0 0.170732 0.195333 0.341463 0.390667 0.00948354
0 0.375881 0.092 0.0558266 0.168 0.0131061
0 0.450135 0.258 0.0677507 0.217333 0.0316541
0 0.099187 0.16 0.19729 0.317333 0.109549
0 0.384011 0.118 0.0395664 0.121333 0.132791
0 0.531707 0.161333 0.0466125 0.181333 0.848942
0 0.262873 0.353333 0.0585366 0.0933333 0.858379
0 0.237398 0.590667 0.115989 0.141333 0.877187
0 0.538211 0.590667 0.0314363 0.152 0.905395
0 0.447425 0.576 0.0699187 0.08 0.911139
