0 0.692308 0.496667 0.0595883 0.108 0.000100074
0 0.627031 0.338667 0.0427952 0.064 0.00010119
0 0.0154388 0.896 0.0308776 0.208 0.000103001
0 0.659263 0.572 0.0411701 0.056 0.000104614
0 0.911972 0.908667 0.0352113 0.084 0.000105394
0 0.435536 0.585333 0.0552546 0.0586667 0.000105561
0 1 0.226667 0 0.250667 0.000105707
0 0.538732 0.123333 0.0731311 0.0973333 0.000107653
0 0.289274 0.288 0.0780065 0.122667 0.000108201
0 0.922535 0.677333 0.0975081 0.125333 0.000110322
0 0.970206 0.183333 0.056338 0.188 0.00011076
0 0.245937 0.176 0.0509209 0.0746667 0.00011089
0 0.706392 0.595333 0.0227519 0.0306667 0.000111028
0 0.905742 0.195333 0.0249187 0.0386667 0.000112111
0 0.520314 0.364667 0.0828819 0.174667 0.00011256
0 0.847508 0.606 0.0417118 0.06 0.000113232
0 0.5539 0.158 0.0406284 0.0573333 0.000115883
0 0.242416 0.150667 0.024377 0.048 0.000116005
0 0.978061 0.156 0.0427952 0.12 0.000116755
0 0.793879 0.171333 0.119718 0.334667 0.000117004
0 0.0116468 0.382667 0.0232936 0.754667 0.000117397
0 0.273294 0.37 0.0698808 0.209333 0.000119235
0 0.382178 0.146 0.0189599 0.036 0.000119669
0 0.697183 0.426667 0.0693391 0.133333 0.00012026
0 0.00812568 0.905333 0.0162514 0.189333 0.000120303
0 0.602654 0.149333 0.0449621 0.0666667 0.000122098
0 0.768689 0.459333 0.0314193 0.150667 0.000122104
0 0.890033 0.642 0.0780065 0.126667 0.000125468
0 0.364572 0.162 0.0660888 0.124 0.000126834
0 0.718039 0.273333 0.0222102 0.0426667 0.000126993
0 0.67714 0.491333 0.0335861 0.0813333 0.000127182
0 0.824215 0.532667 0.052546 0.076 0.000128016
0 0.513814 0.160667 0.0449621 0.076 0.000134459
0 0.745395 0.518667 0.0617551 0.0853333 0.000134463
0 0.330444 0.0953333 0.0292524 0.06 0.000136048
0 0.877573 0.825333 0.0292524 0.048 0.000137888
0 0.432015 0.248667 0.1013 0.18 0.000138447
0 0.787107 0.44 0.0270856 0.0586667 0.000139299
0 0.977248 0.574 0.0455038 0.350667 0.000139717
0 0.921993 0.613333 0.136511 0.269333 0.000140304
0 0.293608 0.906667 0.035753 0.0533333 0.000141595
0 0.761376 0.14 0.0341278 0.0933333 0.000142371
0 0.390845 0.150667 0.0287107 0.0453333 0.000145668
0 0.537649 0.188 0.236728 0.309333 0.000146452
0 0.893554 0.604667 0.0839653 0.113333 0.000146568
0 0.703142 0.760667 0.0314193 0.0306667 0.000148323
0 0.76571 0.277333 0.0460455 0.101333 0.000148442
0 0.744312 0.307333 0.0303359 0.0786667 0.000148526
0 0.194475 0.238 0.0303359 0.0493333 0.000149192
0 0.608072 0.322 0.0276273 0.0546667 0.000150187
0 0.512459 0.405333 0.126761 0.28 0.00015221
0 0.390303 0.175333 0.0330444 0.0466667 0.000153199
0 0.44312 0.283333 0.0758397 0.105333 0.000154615
0 0.870531 0.542667 0.0855905 0.168 0.000156299
0 0.787378 0.326 0.0254605 0.0546667 0.000156431
0 0.598862 0.104 0.138137 0.181333 0.0001598
0 0.372698 0.181333 0.0270856 0.0453333 0.000160224
0 0.384615 0.114 0.0195016 0.0306667 0.00016159
0 0.316089 0.116 0.0482123 0.0933333 0.000161851
0 0.97481 0.356 0.0503792 0.210667 0.000162442
0 0.520585 0.283333 0.0455038 0.0653333 0.000162796
0 0.261647 0.156667 0.0693391 0.132 0.000163219
0 0.254334 0.0853333 0.0352113 0.0613333 0.000163371
0 0.318256 0.157333 0.039545 0.064 0.000164357
0 0.993229 0.304 0.0135428 0.144 0.000166762
0 0.994312 0.336667 0.0113759 0.113333 0.000167661
0 0.978332 0.416667 0.0433369 0.604 0.000170707
0 0.350758 0.124667 0.0622969 0.0813333 0.00017395
0 0.0216685 0.835333 0.0433369 0.324 0.000174354
0 0.368364 0.224 0.0314193 0.0426667 0.000176512
0 0.954767 0.572 0.0904659 0.426667 0.000181034
0 0.771398 0.354667 0.0422535 0.104 0.000183144
0 0.855363 0.344 0.0390032 0.0693333 0.000184185
0 0.852925 0.23 0.244312 0.385333 0.000184512
0 0.592633 0.801333 0.020585 0.0746667 0.000186033
0 0.357801 0.316 0.22481 0.285333 0.00018683
0 0.989166 0.379333 0.0216685 0.190667 0.0001875
0 0.280607 0.104667 0.0249187 0.0546667 0.000188483
0 0.634074 0.181333 0.0763814 0.152 0.000188616
0 0.366197 0.119333 0.0238353 0.044 0.000190802
0 0.755146 0.294667 0.0368364 0.114667 0.000191253
0 0.985915 0.448667 0.028169 0.113333 0.000192367
0 0.387595 0.100667 0.0254605 0.068 0.000193277
0 0.768689 0.159333 0.0541712 0.0973333 0.00019365
0 0.402492 0.178667 0.0303359 0.048 0.000194019
0 0.491333 0.41 0.0335861 0.052 0.000195125
0 0.353738 0.072 0.0249187 0.0506667 0.000195886
0 0.735915 0.264 0.0276273 0.0586667 0.000196461
0 0.975081 0.514 0.0498375 0.0946667 0.000196981
0 0.769231 0.244 0.0390032 0.0853333 0.000197295
0 0.662784 0.468667 0.0417118 0.052 0.000200572
0 0.265168 0.212 0.111051 0.210667 0.000203242
0 0.651679 0.0933333 0.0390032 0.144 0.000203759
0 0.752167 0.0706667 0.0308776 0.088 0.000207854
0 0.846696 0.334667 0.0465872 0.101333 0.00020839
0 0.198267 0.25 0.0260022 0.0493333 0.000209027
0 0.32584 0.0926667 0.0362947 0.092 0.000210829
0 0.760022 0.228 0.0292524 0.0586667 0.000212518
0 0.9052 0.520667 0.0617551 0.0733333 0.000213866
0 0.24377 0.21 0.063922 0.1 0.000216017
0 0.326923 0.0413333 0.0687974 0.0693333 0.00021838
0 0.257855 0.112 0.056338 0.101333 0.000218565
0 0.848321 0.706 0.0216685 0.0466667 0.000221767
0 0.99052 0.666667 0.0189599 0.0986667 0.000225483
0 0.292524 0.938667 0.0368364 0.122667 0.000230275
0 0.918202 0.518 0.0325027 0.052 0.00023171
0 0.889762 0.244 0.0503792 0.101333 0.000232254
0 0.0284399 0.956 0.0547129 0.088 0.000238689
0 0.925785 0.199333 0.130011 0.206667 0.000239332
0 0.413326 0.0313333 0.0292524 0.0573333 0.000241879
0 0.755417 0.153333 0.031961 0.064 0.000248057
0 0.510293 0.108 0.0314193 0.0346667 0.000248873
0 0.304171 0.0746667 0.0557963 0.072 0.000256438
0 0.708017 0.986667 0.035753 0.0266667 0.000258762
0 0.978873 0.637333 0.0422535 0.088 0.000262053
0 0.861593 0.607333 0.0492958 0.0733333 0.000280998
0 0.86701 0.294 0.0752979 0.132 0.000282065
0 0.668472 0.560667 0.0509209 0.0493333 0.000285939
0 0.752709 0.246 0.0287107 0.0866667 0.000286421
0 0.968039 0.1 0.063922 0.186667 0.000286879
0 0.508938 0.319333 0.0850488 0.132 0.000290959
0 0.753792 0.326 0.024377 0.06 0.00029414
0 0.59507 0.113333 0.0904659 0.128 0.000294383
0 0.957476 0.251333 0.0850488 0.398667 0.000302296
0 0.632449 0.934 0.0092091 0.0226667 0.000305615
0 0.207746 0.391333 0.0373781 0.113333 0.000315214
0 0.29117 0.231333 0.18364 0.377333 0.000316899
0 0.274377 0.114 0.0265439 0.0466667 0.00031782
0 0.719664 0.110667 0.0265439 0.0586667 0.000318335
0 0.302546 0.0666667 0.0232936 0.032 0.00032798
0 0.807151 0.532667 0.0292524 0.0493333 0.000331899
0 0.388407 0.0586667 0.020585 0.0346667 0.000337067
0 0.3039 0.137333 0.2026 0.274667 0.000337475
0 0.227248 0.409333 0.0384615 0.170667 0.00033922
0 0.649783 0.0606667 0.0189599 0.092 0.000339869
0 0.859155 0.711333 0.0433369 0.0573333 0.000349404
0 0.426056 0.172667 0.0482123 0.0946667 0.000353303
0 0.849404 0.971333 0.0346696 0.052 0.000353963
0 0.97454 0.223333 0.0498375 0.0893333 0.000364779
0 0.559047 0.43 0.0346696 0.0653333 0.000366249
0 0.757313 0.052 0.0216685 0.048 0.000378097
0 0.499729 0.637333 0.0232936 0.0906667 0.000397833
0 0.280336 0.146 0.114301 0.222667 0.000407172
0 0.987541 0.0946667 0.0249187 0.162667 0.00041623
0 0.425785 0.180667 0.0249187 0.0413333 0.000416989
0 0.826381 0.264667 0.0937161 0.185333 0.000418838
0 0.520856 0.145333 0.0362947 0.0506667 0.00042195
0 0.411159 0.0413333 0.020585 0.0426667 0.0004428
0 0.254875 0.194 0.0482123 0.06 0.000458892
0 0.889491 0.264 0.0422535 0.0586667 0.000461542
0 0.349675 0.0933333 0.0904659 0.149333 0.000467757
0 0.781419 0.428 0.0189599 0.0666667 0.00046973
0 0.00758397 0.808667 0.0151679 0.38 0.000482281
0 0.582611 0.144667 0.0471289 0.06 0.000492763
0 0.299025 0.0826667 0.0931744 0.136 0.000501249
0 0.606988 0.0213333 0.0352113 0.0426667 0.000501339
0 0.390574 0.110667 0.0184182 0.0293333 0.000508538
0 0.958288 0.683333 0.0823402 0.150667 0.000513554
0 0.988082 0.156667 0.0238353 0.137333 0.000525204
0 0.465872 0.304667 0.0628386 0.0866667 0.000559661
0 0.28494 0.309333 0.0487541 0.0906667 0.000565429
0 0.952329 0.0353333 0.0314193 0.0573333 0.000606578
0 0.704496 0.579333 0.0254605 0.044 0.000653697
0 0.283315 0.116 0.0140845 0.0293333 0.00065691
0 0.917389 0.506 0.0482123 0.0866667 0.000667073
0 0.562568 0.106667 0.0536295 0.0906667 0.000695473
0 0.470477 0.248 0.0861322 0.168 0.000703959
0 0.328277 0.107333 0.0249187 0.0333333 0.000740311
0 0.361593 0.216667 0.0265439 0.0386667 0.000742482
0 0.980228 0.684 0.039545 0.117333 0.000749434
0 0.875135 0.607333 0.0438787 0.0626667 0.000763598
0 0.0184182 0.5 0.0368364 1 0.000858156
0 0.278169 0.334667 0.0373781 0.125333 0.000863742
0 0.753792 0.174 0.0330444 0.0653333 0.000882816
0 0.539816 0.360667 0.0297941 0.0386667 0.000895835
0 0.905742 0.944667 0.0216685 0.028 0.000914121
0 0.978332 0.232667 0.0433369 0.308 0.00102312
0 0.245666 0.348 0.088299 0.189333 0.00103541
0 0.0140845 0.760667 0.028169 0.478667 0.00105383
0 0.336132 0.0893333 0.152221 0.178667 0.00108019
0 0.41468 0.408667 0.0438787 0.0893333 0.00126296
0 0.759209 0.356 0.0308776 0.0826667 0.00132039
0 0.989978 0.125333 0.0200433 0.0906667 0.00138605
0 0.398971 0.174 0.0189599 0.036 0.00138909
0 0.65195 0.139333 0.0427952 0.0733333 0.00140459
0 0.842091 0.310667 0.0406284 0.0773333 0.00141245
0 0.323673 0.149333 0.0297941 0.04 0.00166185
0 0.847508 0.282667 0.052546 0.133333 0.00166636
0 0.906826 0.160667 0.0617551 0.108 0.00171002
0 0.442849 0.260667 0.492416 0.521333 0.00206226
0 0.63922 0.133333 0.0530878 0.056 0.00206426
0 0.774377 0.4 0.0308776 0.0613333 0.00210709
0 0.24675 0.295333 0.0893824 0.126667 0.00227862
0 0.215601 0.320667 0.0368364 0.166667 0.00241474
0 0.847237 0.327333 0.0314193 0.052 0.00261931
0 0.780065 0.228667 0.0238353 0.0546667 0.00262051
0 0.53494 0.860667 0.0276273 0.108 0.00262832
0 0.649512 0.219333 0.0444204 0.052 0.00276494
0 0.875677 0.236 0.107801 0.226667 0.00287461
0 0.905742 0.377333 0.188516 0.730667 0.00299182
0 0.978602 0.780667 0.0427952 0.222667 0.0033298
0 0.980228 0.726667 0.039545 0.114667 0.00344382
0 0.988895 0.829333 0.0222102 0.242667 0.00351512
0 0.857801 0.496 0.0308776 0.0773333 0.00413184
0 0.937432 0.12 0.120802 0.226667 0.00425454
0 0.277627 0.300667 0.031961 0.0573333 0.00511723
0 0.224269 0.253333 0.0465872 0.056 0.00604605
0 0.651138 0.171333 0.0476706 0.132 0.00679043
0 0.751354 0.29 0.0227519 0.0786667 0.00730801
0 0.909263 0.187333 0.18039 0.329333 0.0168335
0 0.684995 0.45 0.0482123 0.092 0.021002
0 0.358613 0.199333 0.31961 0.390667 0.0245097
0 0.21506 0.434667 0.0325027 0.144 0.0267788
0 0.953684 0.728 0.0915493 0.122667 0.0316177
0 0.492687 0.300667 0.0612134 0.0866667 0.0375362
0 0.678765 0.462667 0.035753 0.0613333 0.356922
0 0.851029 0.984667 0.0303359 0.028 0.403703
0 0.671993 0.470667 0.0222102 0.0426667 0.527018
0 0.654388 0.558 0.0346696 0.0386667 0.826426
0 0.762459 0.514667 0.0254605 0.08 0.856765
0 0.931473 0.889333 0.0492958 0.149333 0.867796
0 0.70585 0.947333 0.0346696 0.105333 0.901854
