0 0.517335 0.702 0.0195016 0.036 0.000101226
0 0.60428 0.75 0.0557963 0.102667 0.000101516
0 0.658992 0.706667 0.052546 0.12 0.000101532
0 0.985645 0.573333 0.0287107 0.218667 0.000102202
0 0.544691 0.55 0.0471289 0.0813333 0.000102556
0 0.732936 0.642 0.0552546 0.196 0.000103246
0 0.0105634 0.226667 0.0211268 0.453333 0.000103336
0 0.276815 0.361333 0.0216685 0.056 0.000103651
0 0.377844 0.530667 0.0427952 0.109333 0.000104052
0 0.472914 0.235333 0.0292524 0.0813333 0.000104653
0 0.63299 0.35 0.039545 0.076 0.000105035
0 0.389762 0.804 0.0287107 0.08 0.000105138
0 0.980498 0.875333 0.0390032 0.241333 0.000105869
0 0.409534 0.414 0.0270856 0.0626667 0.000106704
0 0.570423 0.796667 0.0390032 0.0466667 0.000107618
0 0.521668 0.576667 0.020585 0.0413333 0.000110151
0 0.584507 0.38 0.0455038 0.114667 0.000110348
0 0.992145 0.932667 0.0157096 0.129333 0.000110354
0 0.729415 0.766 0.0557963 0.102667 0.000110552
0 0.469935 0.142667 0.0178765 0.0373333 0.000110888
0 0.234561 0.688667 0.0433369 0.084 0.000111474
0 0.964247 0.587333 0.0476706 0.084 0.000112886
0 0.599133 0.837333 0.0595883 0.122667 0.000114309
0 0.481582 0.186667 0.0162514 0.0533333 0.000115751
0 0.931203 0.826667 0.0444204 0.0906667 0.000116758
0 0.550108 0.0933333 0.0557963 0.0906667 0.000118348
0 0.296046 0.736 0.0211268 0.0453333 0.000118596
0 0.22481 0.415333 0.0455038 0.124 0.000118699
0 0.689057 0.551333 0.0444204 0.068 0.000118703
0 0.284128 0.916667 0.0297941 0.076 0.000118783
0 0.249187 0.102667 0.0238353 0.0453333 0.000119822
0 0.378927 0.784667 0.0092091 0.028 0.000119842
0 0.718581 0.679333 0.0644637 0.14 0.000120697
0 0.658451 0.744667 0.0482123 0.0973333 0.000121758
0 0.533044 0.728667 0.035753 0.06 0.000121832
0 0.923348 0.0826667 0.088299 0.165333 0.000122235
0 0.58234 0.763333 0.0628386 0.113333 0.000122349
0 0.590466 0.0413333 0.028169 0.0693333 0.000123572
0 0.591008 0.024 0.0238353 0.048 0.00012446
0 0.329361 0.56 0.0585049 0.106667 0.000124808
0 0.615926 0.870667 0.0780065 0.165333 0.000125863
0 0.220477 0.449333 0.0379198 0.0533333 0.000127454
0 0.726165 0.758667 0.0373781 0.072 0.000127964
0 0.00866739 0.787333 0.0173348 0.425333 0.00012813
0 0.697454 0.103333 0.0352113 0.0786667 0.000128288
0 0.584236 0.0673333 0.0308776 0.068 0.000129478
0 0.228873 0.269333 0.0536295 0.0906667 0.000129862
0 0.702329 0.0866667 0.0265439 0.0666667 0.000131742
0 0.553629 0.723333 0.0303359 0.0573333 0.000132937
0 0.530065 0.565333 0.0189599 0.04 0.000133918
0 0.521668 0.184667 0.0216685 0.0626667 0.000133974
0 0.464518 0.743333 0.0427952 0.105333 0.000134514
0 0.47454 0.110667 0.0260022 0.0853333 0.000135914
0 0.957205 0.79 0.0834236 0.14 0.000135921
0 0.336403 0.612 0.0476706 0.08 0.000136924
0 0.669827 0.570667 0.0265439 0.0453333 0.00013699
0 0.407638 0.104667 0.024377 0.0546667 0.0001407
0 0.766251 0.209333 0.039545 0.072 0.000141904
0 0.606988 0.639333 0.0471289 0.076 0.000142983
0 0.636241 0.783333 0.0438787 0.0786667 0.000143531
0 0.417389 0.248 0.0189599 0.0346667 0.000143814
0 0.35428 0.532 0.0303359 0.088 0.00014396
0 0.271398 0.644667 0.0346696 0.121333 0.000145132
0 0.383261 0.966667 0.052546 0.0666667 0.000146172
0 0.43987 0.0373333 0.020585 0.0453333 0.000146803
0 0.489707 0.194667 0.0216685 0.088 0.000149098
0 0.915493 0.787333 0.100758 0.177333 0.000152238
0 0.567985 0.084 0.0232936 0.0533333 0.000157868
0 0.52519 0.698667 0.024377 0.0533333 0.000160508
0 0.388678 0.718667 0.0330444 0.0746667 0.000160625
0 0.345883 0.988 0.0406284 0.024 0.000160864
0 0.343174 0.98 0.0362947 0.0373333 0.000161688
0 0.662514 0.735333 0.020585 0.0413333 0.000162442
0 0.241603 0.704667 0.0335861 0.0546667 0.000162925
0 0.288732 0.952667 0.0335861 0.0893333 0.000163191
0 0.992416 0.763333 0.0151679 0.174667 0.000163914
0 0.334236 0.589333 0.0195016 0.0586667 0.000164718
0 0.332611 0.773333 0.0249187 0.0666667 0.000165626
0 0.804713 0.748 0.0644637 0.0906667 0.000169617
0 0.30688 0.384667 0.0731311 0.150667 0.000169773
0 0.536566 0.367333 0.024377 0.0413333 0.000171632
0 0.561484 0.652667 0.0492958 0.0706667 0.000173884
0 0.892199 0.650667 0.0660888 0.178667 0.000174123
0 0.6013 0.570667 0.0368364 0.0986667 0.000174761
0 0.223456 0.63 0.0427952 0.0946667 0.00017634
0 0.466143 0.368667 0.0178765 0.0573333 0.000176958
0 0.619447 0.795333 0.0644637 0.0893333 0.000181081
0 0.994312 0.876667 0.0113759 0.246667 0.000186231
0 0.670098 0.470667 0.0346696 0.0746667 0.00019047
0 0.987812 0.758667 0.024377 0.336 0.000192137
0 0.617822 0.383333 0.0222102 0.0626667 0.000195145
0 0.420368 0.742 0.0390032 0.0973333 0.000195259
0 0.378657 0.779333 0.0162514 0.044 0.000197758
0 0.931744 0.698 0.135428 0.337333 0.000199852
0 0.414951 0.467333 0.0249187 0.076 0.000200353
0 0.853467 0.371333 0.0438787 0.068 0.000201309
0 0.907367 0.000666667 0.185265 0.00133333 0.000201526
0 0.559047 0.387333 0.0130011 0.044 0.000201638
0 0.388407 0.265333 0.0238353 0.0506667 0.000202006
0 0.463164 0.94 0.0292524 0.0986667 0.000202017
0 0.530336 0.584667 0.028169 0.0546667 0.00020215
0 0.706392 0.492 0.0314193 0.064 0.000203689
0 0.663868 0.579333 0.0276273 0.0466667 0.000207369
0 0.663597 0.722 0.0216685 0.052 0.000207925
0 0.608613 0.386 0.0308776 0.0573333 0.000211038
0 0.442308 0.066 0.0167931 0.0493333 0.000215343
0 0.547129 0.732 0.0270856 0.048 0.000217943
0 0.6487 0.652 0.0482123 0.0773333 0.000228441
0 0.350217 0.714667 0.0330444 0.0826667 0.000229728
0 0.460726 0.026 0.0232936 0.044 0.000231049
0 0.314193 0.364 0.0455038 0.0986667 0.000231854
0 0.730498 0.724667 0.0579632 0.134667 0.000235291
0 0.457205 0.327333 0.0216685 0.126667 0.000240321
0 0.504605 0.0213333 0.024377 0.0373333 0.000240511
0 0.281148 0.192 0.0173348 0.0613333 0.000240591
0 0.379469 0.698667 0.0352113 0.0693333 0.000241182
0 0.99052 0.85 0.0189599 0.3 0.000246706
0 0.659263 0.786 0.0379198 0.0893333 0.000247637
0 0.995937 0.94 0.00812568 0.12 0.000248051
0 0.245395 0.722667 0.0249187 0.0453333 0.000248639
0 0.358342 0.72 0.0254605 0.08 0.000248917
0 0.403846 0.668 0.0254605 0.08 0.000251906
0 0.452058 0.376667 0.0287107 0.0653333 0.000254579
0 0.630011 0.402667 0.0368364 0.048 0.000255275
0 0.529794 0.364667 0.00650054 0.0226667 0.000256229
0 0.30065 0.365333 0.0455038 0.0853333 0.000257873
0 0.654117 0.543333 0.0417118 0.0626667 0.000266742
0 0.0124594 0.692667 0.0249187 0.614667 0.000268122
0 0.367281 0.598 0.0249187 0.0733333 0.000269508
0 0.461538 0.0133333 0.0238353 0.0266667 0.000270858
0 0.559859 0.693333 0.0438787 0.072 0.000282323
0 0.606988 0.414 0.0297941 0.0386667 0.000287163
0 0.686349 0.706 0.063922 0.116 0.000288081
0 0.659805 0.661333 0.0444204 0.072 0.000288423
0 0.461538 0.91 0.0303359 0.0946667 0.00028899
0 0.647075 0.164 0.0211268 0.056 0.000291773
0 0.606717 0.868667 0.0444204 0.14 0.000296908
0 0.706934 0.0273333 0.035753 0.0466667 0.00030125
0 0.357801 0.883333 0.0102925 0.0226667 0.000308322
0 0.434453 0.964667 0.0195016 0.068 0.000311123
0 0.245125 0.588667 0.052546 0.0946667 0.000313693
0 0.658992 0.492 0.0547129 0.128 0.000314892
0 0.673619 0.458 0.024377 0.0493333 0.000315767
0 0.417389 0.631333 0.0427952 0.084 0.000319258
0 0.912243 0.122667 0.175515 0.234667 0.000319467
0 0.617551 0.932667 0.0260022 0.113333 0.00032391
0 0.43039 0.487333 0.0211268 0.0706667 0.000332596
0 0.46208 0.36 0.0162514 0.0746667 0.000333638
0 0.37649 0.759333 0.0227519 0.0733333 0.000335167
0 0.439057 0.076 0.0222102 0.0506667 0.00033914
0 0.554171 0.595333 0.0314193 0.0626667 0.000345962
0 0.386782 0.777333 0.0249187 0.048 0.000352148
0 0.697996 0.708667 0.0460455 0.084 0.000354394
0 0.95558 0.862 0.0888407 0.268 0.000356363
0 0.647616 0.365333 0.0222102 0.048 0.000358417
0 0.473185 0.196667 0.0308776 0.113333 0.000363707
0 0.25948 0.71 0.0444204 0.0653333 0.000371907
0 0.39247 0.701333 0.0232936 0.048 0.000372934
0 0.308776 0.506 0.0335861 0.0573333 0.000373023
0 0.406826 0.768667 0.028169 0.0733333 0.000374918
0 0.466685 0.166667 0.024377 0.0586667 0.000375357
0 0.459642 0.269333 0.0135428 0.04 0.000375483
0 0.603738 0.8 0.0438787 0.0613333 0.000375943
0 0.621343 0.484 0.056338 0.16 0.000391588
0 0.32909 0.661333 0.031961 0.0586667 0.000400861
0 0.392199 0.526 0.0314193 0.0786667 0.000416839
0 0.588028 0.772667 0.0373781 0.0813333 0.000430985
0 0.0343987 0.5 0.0687974 1 0.000446461
0 0.442849 0.471333 0.0254605 0.076 0.000447694
0 0.450704 0.432 0.0249187 0.04 0.000461453
0 0.671452 0.766 0.0352113 0.084 0.000482291
0 0.931473 0.796667 0.0536295 0.126667 0.000486031
0 0.671181 0.731333 0.0411701 0.0733333 0.000489918
0 0.398429 0.718 0.0265439 0.0786667 0.000499222
0 0.568527 0.698 0.0384615 0.0493333 0.000503226
0 0.594258 0.421333 0.0574215 0.0693333 0.000515584
0 0.260022 0.588667 0.028169 0.0893333 0.000519597
0 0.767064 0.222 0.028169 0.0493333 0.000521015
0 0.688787 0.086 0.031961 0.0653333 0.000525954
0 0.329902 0.667333 0.0444204 0.0866667 0.000528864
0 0.63299 0.383333 0.0373781 0.0653333 0.00052945
0 0.592091 0.812667 0.0487541 0.0786667 0.000532669
0 0.678223 0.798 0.0303359 0.0733333 0.000534052
0 0.703684 0.773333 0.0747562 0.130667 0.000541537
0 0.368906 0.649333 0.0335861 0.08 0.000547064
0 0.606446 0.482667 0.031961 0.0666667 0.000549262
0 0.384886 0.678 0.0330444 0.0813333 0.000551894
0 0.620802 0.404 0.020585 0.048 0.000561975
0 0.460455 0.274667 0.0195016 0.0586667 0.00056596
0 0.239707 0.288667 0.0352113 0.052 0.000572877
0 0.823402 0.774667 0.0650054 0.109333 0.000593509
0 0.419556 0.516 0.0362947 0.096 0.000594381
0 0.230498 0.393333 0.0362947 0.0853333 0.000599523
0 0.42091 0.559333 0.0238353 0.06 0.000606605
0 0.635428 0.563333 0.0465872 0.0866667 0.000617921
0 0.251896 0.672 0.0520043 0.122667 0.000628923
0 0.398158 0.496 0.0303359 0.12 0.000648942
0 0.252709 0.726 0.0547129 0.172 0.000649886
0 0.497021 0.358 0.0178765 0.0546667 0.000685958
0 0.326652 0.986 0.0260022 0.0226667 0.000704052
0 0.602113 0.454 0.0666305 0.126667 0.000731392
0 0.616468 0.914 0.0184182 0.0786667 0.000741357
0 0.0162514 0.504667 0.0325027 0.990667 0.000754475
0 0.68987 0.773333 0.0514626 0.0906667 0.000759467
0 0.255146 0.612667 0.035753 0.0893333 0.000790986
0 0.266793 0.624 0.0232936 0.0773333 0.000791031
0 0.559859 0.09 0.0352113 0.0626667 0.000823801
0 0.343716 0.575333 0.0287107 0.0706667 0.000841003
0 0.380011 0.638667 0.0308776 0.0826667 0.000866049
0 0.916576 0.621333 0.108342 0.149333 0.000892888
0 0.383803 0.561333 0.0362947 0.0826667 0.000912738
0 0.351842 0.56 0.0406284 0.101333 0.000988574
0 0.276273 0.61 0.0346696 0.0573333 0.000998613
0 0.410076 0.684667 0.0292524 0.0733333 0.00104477
0 0.641116 0.536667 0.0612134 0.105333 0.00105599
0 0.416576 0.588667 0.0227519 0.092 0.0011024
0 0.663055 0.753333 0.0303359 0.0746667 0.001119
0 0.45585 0.291333 0.0189599 0.0733333 0.00115802
0 0.625948 0.415333 0.0297941 0.0466667 0.00117926
0 0.480228 0.21 0.0178765 0.084 0.00122068
0 0.244041 0.763333 0.0341278 0.0946667 0.00132128
0 0.462351 0.378667 0.0146262 0.0506667 0.00145611
0 0.88922 0.579333 0.0482123 0.06 0.00148171
0 0.638678 0.360667 0.0303359 0.044 0.00149227
0 0.632449 0.511333 0.0839653 0.148 0.00169726
0 0.328819 0.968667 0.0270856 0.052 0.00169978
0 0.593987 0.792667 0.0341278 0.0466667 0.00191006
0 0.595612 0.488667 0.0362947 0.0653333 0.00193371
0 0.396533 0.68 0.020585 0.072 0.00201357
0 0.425785 0.544 0.0314193 0.0586667 0.00216441
0 0.605092 0.45 0.0390032 0.1 0.00226033
0 0.460997 0.399333 0.0184182 0.076 0.00227785
0 0.679036 0.746667 0.0417118 0.0773333 0.00242746
0 0.595883 0.509333 0.0346696 0.056 0.00245872
0 0.61701 0.418 0.0195016 0.0466667 0.00253069
0 0.356988 0.692667 0.0292524 0.0573333 0.0026012
0 0.3987 0.603333 0.0314193 0.124 0.00268
0 0.436349 0.504667 0.0211268 0.0706667 0.0029446
0 0.572048 0.384 0.0368364 0.0586667 0.00301713
0 0.82286 0.746 0.0574215 0.0733333 0.00309398
0 0.406013 0.704 0.0222102 0.0586667 0.00330601
0 0.621885 0.528667 0.0520043 0.108 0.00382528
0 0.53467 0.558 0.0238353 0.0546667 0.0039188
0 0.346154 0.659333 0.0400867 0.084 0.00399835
0 0.397616 0.646667 0.0314193 0.0853333 0.00428355
0 0.235915 0.654667 0.0373781 0.0533333 0.00450347
0 0.309047 0.487333 0.031961 0.0386667 0.00460934
0 0.575569 0.486667 0.0308776 0.048 0.00491687
0 0.579361 0.402667 0.0384615 0.0693333 0.00510755
0 0.467768 0.914 0.0189599 0.0786667 0.00515945
0 0.404388 0.118 0.0211268 0.0386667 0.00536093
0 0.593174 0.488 0.0606717 0.0986667 0.00545454
0 0.726706 0.698667 0.0449621 0.08 0.0057478
0 0.264897 0.606 0.0162514 0.052 0.00631792
0 0.326381 0.692 0.0406284 0.0666667 0.00690317
0 0.581798 0.52 0.0346696 0.0586667 0.00784484
0 0.369989 0.563333 0.0552546 0.0893333 0.00786691
0 0.311484 0.372667 0.0303359 0.0653333 0.00788646
0 0.406013 0.511333 0.0189599 0.092 0.00835771
0 0.893012 0.598667 0.0590466 0.0906667 0.00844076
0 0.336674 0.571333 0.0189599 0.0653333 0.00929608
0 0.352654 0.630667 0.035753 0.0693333 0.00949343
0 0.333153 0.986 0.0140845 0.0226667 0.0112892
0 0.355634 0.662667 0.031961 0.0693333 0.0124015
0 0.402221 0.687333 0.0178765 0.0626667 0.012404
0 0.578819 0.458 0.0362947 0.044 0.0127227
0 0.609967 0.542 0.0476706 0.0866667 0.0171636
0 0.360509 0.561333 0.0254605 0.0693333 0.0207721
0 0.627302 0.548667 0.0335861 0.076 0.0208154
0 0.703955 0.731333 0.0752979 0.110667 0.0240072
0 0.365655 0.637333 0.0216685 0.064 0.027052
0 0.357259 0.59 0.0352113 0.092 0.0272719
0 0.389762 0.744667 0.0265439 0.1 0.0315183
0 0.346154 0.696 0.0335861 0.0586667 0.0348558
0 0.242958 0.628667 0.0590466 0.108 0.036013
0 0.336945 0.696 0.0260022 0.056 0.109645
0 0.402763 0.552667 0.0189599 0.0706667 0.173465
0 0.580715 0.502667 0.0335861 0.04 0.644973
0 0.396804 0.563333 0.0297941 0.0866667 0.814517
0 0.580444 0.422667 0.0384615 0.0506667 0.824783
0 0.546316 0.658 0.0308776 0.068 0.857168
0 0.378386 0.946667 0.0341278 0.104 0.895235
0 0.469122 0.538 0.020585 0.0733333 0.899129
