0 0.594258 0.086 0.0671723 0.105333 0.000100229
0 0.655471 0.0213333 0.0455038 0.04 0.000100898
0 0.987541 0.264 0.0249187 0.0853333 0.000102661
0 0.359155 0.924667 0.00975081 0.0173333 0.000109162
0 0.641928 0.104667 0.0780065 0.129333 0.000109739
0 0.00975081 0.85 0.0195016 0.3 0.000111315
0 0.37974 0.916 0.00975081 0.0133333 0.000112263
0 0.729686 0.138667 0.268689 0.256 0.000115774
0 0.980498 0.248 0.0379198 0.109333 0.00011895
0 0.544962 0.0886667 0.0541712 0.137333 0.000119222
0 0.993229 0.789333 0.0135428 0.176 0.000119257
0 0.369177 0.944667 0.00812568 0.0146667 0.000120104
0 0.99377 0.554667 0.0124594 0.184 0.000122544
0 0.588299 0 0.0758397 0 0.000125566
0 0.0503792 0.5 0.100758 1 0.000127172
0 0.398971 0.577333 0.0471289 0.08 0.000130058
0 0.332882 0.454667 0.329902 0.909333 0.000133305
0 0.964789 0.06 0.0682557 0.117333 0.000134924
0 0.511647 0.896 0.0113759 0.0186667 0.000136344
0 0.410347 0.962667 0.0092091 0.0133333 0.000144079
0 0.418472 0.967333 0.0102925 0.0173333 0.000144098
0 0.599675 0.02 0.0541712 0.04 0.000146538
0 0.726706 0.0446667 0.0666305 0.0813333 0.000149413
0 0.35455 0.954667 0.0113759 0.0186667 0.000153218
0 0.96208 0.110667 0.0736728 0.194667 0.000156639
0 0.42416 0.346667 0.0812568 0.112 0.00015906
0 0.418743 0.036 0.0151679 0.0693333 0.00015914
0 0.61078 0.000666667 0.0687974 0.00133333 0.000160508
0 0.824756 0.192667 0.0438787 0.110667 0.000166759
0 0.992687 0.227333 0.0146262 0.124 0.000167528
0 0.980498 0 0.0390032 0 0.000167721
0 0.52221 0 0.056338 0 0.000170053
0 0.393824 0.972 0.00975081 0.0186667 0.000174127
0 0.975623 0.129333 0.0476706 0.146667 0.000179028
0 0.97779 0.273333 0.035753 0.0666667 0.000180493
0 0.957205 0 0.0823402 0 0.000200522
0 0.832069 0.156 0.0617551 0.176 0.000204043
0 0.346966 0.966 0.0113759 0.0146667 0.000204578
0 0.450704 0.966667 0.00866739 0.016 0.00020493
0 0.623781 0.0613333 0.0579632 0.109333 0.000205361
0 0.589924 0.962667 0.0368364 0.0746667 0.00021592
0 0.330444 0.97 0.00866739 0.0173333 0.000219857
0 0.35753 0.984 0.00758397 0.0186667 0.000220277
0 0.984561 0.0206667 0.0308776 0.0413333 0.000223278
0 0.982123 0.196 0.035753 0.157333 0.000224254
0 0.433911 0.963333 0.00758397 0.0146667 0.000225432
0 0.0127302 0.767333 0.0254605 0.465333 0.000229001
0 0.640845 0.519333 0.0216685 0.0546667 0.00022919
0 0.57584 0.008 0.0660888 0.016 0.000238233
0 0.982936 0.424 0.0341278 0.0746667 0.000245011
0 0.557421 0.0593333 0.0834236 0.0973333 0.000249574
0 0.398429 0.486667 0.0341278 0.04 0.000253474
0 0.646533 0.476 0.0157096 0.064 0.000270162
0 0.405471 0.36 0.0352113 0.0853333 0.000270464
0 0.557151 0.002 0.0796316 0.004 0.000272084
0 0.985103 0.51 0.0297941 0.161333 0.000284383
0 0.578819 0.0426667 0.067714 0.0853333 0.000296568
0 0.338028 0.0273333 0.0509209 0.052 0.000302442
0 0.40818 0.972 0.0102925 0.016 0.000304952
0 0.371885 0.96 0.0124594 0.016 0.000315497
0 0.36403 0.960667 0.00758397 0.0146667 0.000327106
0 0.991874 0 0.0162514 0 0.000355314
0 0.979415 0.267333 0.0195016 0.0493333 0.000360097
0 0.603467 0.0606667 0.0444204 0.1 0.000367867
0 0.398158 0.331333 0.0195016 0.036 0.000378484
0 0.605905 0.15 0.0557963 0.150667 0.00038946
0 0.84507 0.118 0.0574215 0.113333 0.000391353
0 0.58559 0.35 0.028169 0.0813333 0.000403156
0 0.992416 0.181333 0.0151679 0.136 0.000431168
0 0.484561 0.062 0.0146262 0.0626667 0.000467406
0 0.0165222 0.626 0.0330444 0.732 0.000477863
0 0.58234 0.0206667 0.0530878 0.0386667 0.000483263
0 0.992687 0.0266667 0.0146262 0.0533333 0.000498446
0 0.975894 0.0413333 0.0471289 0.08 0.000498908
0 0.465601 0.512 0.0287107 0.0586667 0.000538968
0 0.344529 0.976 0.00866739 0.0186667 0.000561433
0 0.39545 0.977333 0.00866739 0.016 0.00060086
0 0.281961 0.150667 0.160888 0.301333 0.000626652
0 0.381907 0.976 0.00975081 0.0133333 0.000694424
0 0.994041 0.092 0.0119177 0.114667 0.000744351
0 0.533044 0.0106667 0.0455038 0.0213333 0.000812343
0 0.326652 0.162667 0.071506 0.197333 0.000818727
0 0.356988 0.962 0.0108342 0.0146667 0.000914594
0 0.992416 0.505333 0.0151679 0.16 0.00094912
0 0.991603 0.121333 0.0167931 0.157333 0.00107141
0 0.407367 0.967333 0.00866739 0.0146667 0.00114132
0 0.979144 0.453333 0.0417118 0.0693333 0.00115959
0 0.982394 0.084 0.0352113 0.149333 0.00158189
0 0.385157 0.583333 0.0509209 0.0626667 0.00159707
0 0.464789 0.49 0.0314193 0.084 0.00174569
0 0.989166 0.478 0.0216685 0.1 0.00199138
0 0.333965 0.238 0.0449621 0.0546667 0.00201773
0 0.656555 0.138 0.0790899 0.105333 0.00297407
0 0.990791 0.064 0.0184182 0.112 0.00315893
0 0.965872 0.268667 0.0422535 0.0733333 0.00428092
0 0.534399 0.0493333 0.0449621 0.0906667 0.00438215
0 0.994583 0.476 0.0108342 0.0906667 0.00929615
0 0.613759 0.101333 0.0574215 0.0853333 0.00973735
0 0.548483 0.036 0.0742145 0.0666667 0.0164077
0 0.534128 0.0266667 0.0455038 0.048 0.155753
0 0.58857 0.218 0.0731311 0.0813333 0.878041
0 0.968039 0.408 0.063922 0.101333 0.878727
0 0.481582 0.465333 0.063922 0.125333 0.887843
0 0.975894 0.890667 0.0482123 0.208 0.893852
0 0.568256 0.713333 0.0725894 0.256 0.93732
