0 0.286836 0.556 0.0893824 0.122667 0.00010635
0 0.537378 0.00266667 0.106176 0.00533333 0.000107856
0 0.251354 0.0113333 0.0552546 0.0226667 0.000107934
0 0.791441 0.136 0.0834236 0.122667 0.000108261
0 0.746208 0.0233333 0.0568797 0.044 0.00010965
0 0.948537 0.945333 0.0985916 0.109333 0.000110402
0 0.967768 0.737333 0.0633803 0.224 0.000112937
0 0.859155 0.698667 0.100758 0.272 0.000113212
0 0.27519 0.718667 0.138678 0.136 0.000113481
0 0.741874 0.159333 0.0666305 0.132 0.000113784
0 0.247562 0.666667 0.0617551 0.08 0.000115078
0 0.943933 0.58 0.108884 0.202667 0.000115449
0 0.917389 0 0.0915493 0 0.000115753
0 0.0138137 0.889333 0.0276273 0.221333 0.000116452
0 0.637595 0.0966667 0.109426 0.188 0.000121838
0 0.940412 0.326667 0.119177 0.194667 0.000129004
0 0.862405 0.347333 0.0335861 0.0626667 0.000130093
0 0.319068 0.284667 0.0747562 0.142667 0.00013456
0 0.564735 0.306 0.067714 0.121333 0.000135821
0 0.342091 0.006 0.13922 0.012 0.00013634
0 0.684724 0.168 0.0270856 0.0666667 0.000138215
0 0.409534 0.0606667 0.0346696 0.0813333 0.000140826
0 0.986186 1 0.0276273 0 0.000141247
0 0.95883 0.644 0.0812568 0.266667 0.000143908
0 0.958288 0.014 0.0769231 0.028 0.000145042
0 0.688245 0.476667 0.0157096 0.028 0.000145301
0 0.864572 0.292 0.0877573 0.152 0.000146298
0 0.984832 0.952 0.0303359 0.096 0.000150054
0 0.514897 0.08 0.106717 0.152 0.000150612
0 0.537107 0.128667 0.031961 0.076 0.000150636
0 0.25948 0.538 0.0671723 0.0786667 0.000151851
0 0.969122 0.928667 0.0606717 0.14 0.000162562
0 0.890033 0.745333 0.169014 0.381333 0.000163134
0 0.977248 0.0466667 0.0433369 0.0933333 0.000169307
0 0.292254 0.881333 0.0449621 0.08 0.00016998
0 0.585049 0.288 0.063922 0.0826667 0.000172399
0 0.538462 0.0393333 0.107259 0.0733333 0.000179158
0 0.561213 0.0646667 0.130011 0.124 0.000184366
0 0.982936 0.192667 0.0341278 0.134667 0.000190725
0 0.957747 0.036 0.0660888 0.0693333 0.000193345
0 0.388678 0.544 0.0362947 0.08 0.000196752
0 0.571235 0.385333 0.0449621 0.12 0.00019791
0 0.989437 0.992667 0.0211268 0.0146667 0.000208523
0 0.298212 0.0186667 0.1013 0.0373333 0.000212637
0 0.00785482 0.902 0.0157096 0.196 0.000216958
0 0.984561 0.138667 0.0308776 0.162667 0.00021879
0 0.666306 0.102 0.0682557 0.188 0.000219076
0 0.992416 0.732 0.0151679 0.181333 0.000219616
0 0.991062 0.344667 0.0178765 0.137333 0.000221043
0 0.299837 0.724667 0.0817985 0.116 0.00022251
0 0.991062 0.446667 0.0178765 0.128 0.000223128
0 0.972914 0.35 0.0541712 0.137333 0.00022627
0 0.989166 0.505333 0.0216685 0.154667 0.000227468
0 0.342633 0.283333 0.0872156 0.1 0.00022792
0 0.948537 0.280667 0.0964247 0.145333 0.000230269
0 0.747833 0.170667 0.0417118 0.101333 0.000248926
0 0.608342 0.082 0.0476706 0.156 0.000251119
0 0.990791 0.776 0.0184182 0.154667 0.000254095
0 0.77221 0.156 0.0709642 0.128 0.000257114
0 0.992416 0.91 0.0151679 0.18 0.000277796
0 0.980228 0.665333 0.039545 0.194667 0.000285532
0 0.970748 0.456667 0.0574215 0.132 0.000297783
0 0.307963 0.786 0.0742145 0.238667 0.000301178
0 0.59182 0.393333 0.0514626 0.0933333 0.00031516
0 0.992145 0.0153333 0.0157096 0.0306667 0.000315531
0 0.892199 0.066 0.071506 0.129333 0.000327559
0 0.50325 0.0193333 0.0660888 0.036 0.000328146
0 0.339382 0.688667 0.0893824 0.158667 0.000330557
0 0.599946 0.122667 0.052546 0.0986667 0.000349866
0 0.988082 0.818 0.0238353 0.14 0.00035148
0 0.566631 0.166 0.0671723 0.0973333 0.000373641
0 0.981311 0.788 0.0373781 0.165333 0.000376925
0 0.992687 0.661333 0.0146262 0.181333 0.000380157
0 0.961268 0 0.0774648 0 0.000414932
0 0.98429 0.002 0.0303359 0.004 0.000425732
0 0.353467 0.265333 0.128386 0.130667 0.000432217
0 0.568256 0.279333 0.0552546 0.084 0.000447027
0 0.548212 0.127333 0.0292524 0.0786667 0.000451216
0 0.582611 0.0946667 0.0991333 0.162667 0.000460739
0 0.991874 0.0566667 0.0162514 0.113333 0.000475725
0 0.281419 0.604 0.0807151 0.0693333 0.000476227
0 0.578007 0.205333 0.0693391 0.112 0.000481757
0 0.984561 0.742667 0.0308776 0.176 0.000485644
0 0.983478 0.44 0.0330444 0.0986667 0.000491449
0 0.98104 0.474 0.0379198 0.1 0.000493461
0 0.904117 0.23 0.150596 0.145333 0.000493888
0 0.869718 0.0833333 0.113218 0.164 0.000523972
0 0.0124594 0.765333 0.0249187 0.469333 0.000529534
0 0.990791 0 0.0184182 0 0.000540444
0 0.751354 0.171333 0.209101 0.153333 0.000541506
0 0.834778 0.176 0.1961 0.208 0.000555821
0 0.751896 0.189333 0.0270856 0.0693333 0.000573391
0 0.945829 0.102667 0.108342 0.205333 0.00058182
0 0.68364 0.180667 0.0444204 0.0893333 0.000595694
0 0.257313 0.0266667 0.0509209 0.0533333 0.000626496
0 0.31636 0.297333 0.0552546 0.0773333 0.000632048
0 0.96506 0.503333 0.0698808 0.198667 0.000658124
0 0.355905 0.336 0.110509 0.130667 0.000687044
0 0.317714 0.671333 0.0503792 0.190667 0.000715618
0 0.31636 0.325333 0.0606717 0.0986667 0.000747458
0 0.689328 0.128667 0.243229 0.233333 0.000776958
0 0.0203142 0.627333 0.0406284 0.732 0.000800658
0 0.698537 0.159333 0.146804 0.161333 0.000824723
0 0.489707 0.476 0.0509209 0.128 0.000842225
0 0.605092 0.406 0.0931744 0.126667 0.000864647
0 0.989707 0.108667 0.020585 0.158667 0.000908639
0 0.991062 0.164667 0.0178765 0.148 0.00091157
0 0.993229 0.47 0.0135428 0.092 0.000919948
0 0.966143 0.0613333 0.0644637 0.117333 0.000953102
0 0.984832 0.0713333 0.0303359 0.132 0.000955705
0 0.986728 0.618667 0.0265439 0.176 0.000966799
0 0.976977 0.103333 0.0460455 0.169333 0.000968057
0 0.980498 0.527333 0.0390032 0.134667 0.00100546
0 0.901138 0.199333 0.0785482 0.110667 0.00102637
0 0.966414 0.182 0.0650054 0.196 0.00105556
0 0.993499 0.518667 0.0130011 0.114667 0.00119245
0 0.970477 0.285333 0.0579632 0.109333 0.00121427
0 0.106717 0.542 0.209101 0.889333 0.00123054
0 0.780607 0.146667 0.308776 0.226667 0.00126934
0 0.492958 0.496667 0.0368364 0.0813333 0.00132477
0 0.988624 0.218667 0.0227519 0.128 0.00134749
0 0.971018 0.557333 0.0579632 0.170667 0.00146552
0 0.992687 0.573333 0.0146262 0.154667 0.00150377
0 0.916847 0.149333 0.165222 0.269333 0.00152254
0 0.646262 0.534667 0.0270856 0.114667 0.00153609
0 0.634886 0.132667 0.157096 0.177333 0.00159987
0 0.986186 0.562 0.0276273 0.145333 0.00230683
0 0.673077 0.166667 0.0449621 0.072 0.00261075
0 0.903846 0.224 0.0471289 0.08 0.00270097
0 0.453413 0.551333 0.0335861 0.0813333 0.00287971
0 0.980498 0.268 0.0390032 0.104 0.00350239
0 0.975081 0.226 0.0476706 0.126667 0.00351537
0 0.292254 0.671333 0.115385 0.18 0.0042556
0 0.592091 0.147333 0.0606717 0.068 0.00440019
0 0.926327 0.205333 0.0758397 0.101333 0.00445406
0 0.719664 0.181333 0.0926327 0.112 0.0066423
0 0.577736 0.134 0.088299 0.0973333 0.0132489
0 0.925244 0.18 0.118093 0.173333 0.0203504
0 0.845341 0.221333 0.0557963 0.0773333 0.0211924
0 0.874865 0.180667 0.107259 0.166667 0.0290102
0 0.313922 0.7 0.0752979 0.125333 0.0327257
0 0.658992 0.15 0.0720477 0.102667 0.0359766
0 0.941495 0.244667 0.0942579 0.105333 0.19319
0 0.869447 0.221333 0.104009 0.104 0.355199
0 0.579361 0.242 0.0698808 0.0813333 0.822101
0 0.984832 0.902 0.0303359 0.188 0.846431
0 0.971831 0.407333 0.056338 0.108 0.850412
0 0.472914 0.525333 0.0725894 0.130667 0.886327
0 0.569068 0.79 0.0763814 0.278667 0.919147
