0 0.972373 0.412 0.0552546 0.117333 0.00010002
0 0.97454 0.105333 0.0509209 0.152 0.000100049
0 0.326381 0.191333 0.250813 0.212 0.000101343
0 0.0159805 0.693333 0.031961 0.597333 0.00010162
0 0.00541712 0.098 0.0108342 0.196 0.000102127
0 0.917931 0.0893333 0.0655471 0.122667 0.000102798
0 0.556067 0.352 0.0536295 0.128 0.000103777
0 0.701246 0.596667 0.0449621 0.092 0.000105222
0 0.54117 0.46 0.0325027 0.0506667 0.000105946
0 0.82611 0.422667 0.0671723 0.117333 0.00010617
0 0.425785 0.193333 0.127844 0.2 0.00010635
0 0.852384 0.432667 0.0828819 0.118667 0.00010636
0 0.546858 0.0806667 0.0373781 0.052 0.000106441
0 0.573131 0.285333 0.035753 0.0826667 0.00010661
0 0.775731 0.286667 0.0650054 0.072 0.000106636
0 0.742958 0.0553333 0.06013 0.092 0.00010692
0 0.660618 0.190667 0.0330444 0.0746667 0.0001081
0 0.89572 0.0493333 0.103467 0.096 0.000108228
0 0.706121 0.312667 0.0362947 0.06 0.000108536
0 0.906826 0.0253333 0.0671723 0.0506667 0.000108851
0 0.511105 0.002 0.0612134 0.004 0.000109104
0 0.783586 0.0346667 0.0514626 0.0613333 0.00010975
0 0.742416 0.662667 0.114301 0.2 0.000110017
0 0.97454 0.198667 0.0400867 0.0906667 0.000110505
0 0.61078 0.314667 0.0167931 0.0693333 0.000112448
0 0.682286 0 0.0687974 0 0.000113001
0 0.56961 0.31 0.0232936 0.0653333 0.000113783
0 0.779252 0.758667 0.0655471 0.114667 0.000114237
0 0.987812 0.874 0.024377 0.225333 0.000114791
0 0.587757 0.435333 0.0422535 0.084 0.000115771
0 0.561755 0.386667 0.0693391 0.136 0.00011609
0 0.488895 0.526667 0.0947996 0.106667 0.000116887
0 0.797129 0 0.0980498 0 0.000119019
0 0.533044 0.000666667 0.0660888 0.00133333 0.000119556
0 0.991874 0.822667 0.0162514 0.224 0.000120232
0 0.489437 0.250667 0.0622969 0.088 0.000120421
0 0.464789 0.860667 0.0520043 0.0733333 0.000120897
0 0.909534 0.536667 0.0411701 0.0893333 0.000121558
0 0.485374 0.734 0.0422535 0.121333 0.000121784
0 0.515439 0.166667 0.0417118 0.0773333 0.000121973
0 0.524377 0.405333 0.0368364 0.0746667 0.000122958
0 0.3448 0.234667 0.0362947 0.0773333 0.000123131
0 0.941495 0.210667 0.0216685 0.0613333 0.000123501
0 0.413326 0.807333 0.035753 0.0946667 0.000125063
0 0.725352 0.414 0.0530878 0.0866667 0.000126777
0 0.719122 0.471333 0.0406284 0.0893333 0.000127652
0 0.891658 0.102 0.110509 0.166667 0.000127823
0 0.748104 0.802 0.0465872 0.0893333 0.000129187
0 0.529794 0.401333 0.028169 0.0453333 0.00013055
0 0.872427 0.391333 0.0622969 0.113333 0.000131862
0 0.563109 0.006 0.0514626 0.012 0.000132501
0 0.908992 0.444 0.071506 0.104 0.000133268
0 0.73727 0.802667 0.0682557 0.146667 0.000136287
0 0.616468 0.416 0.0411701 0.0933333 0.00013791
0 0.976436 0.359333 0.0471289 0.118667 0.000138212
0 0.72779 0.51 0.0514626 0.092 0.000139146
0 0.540899 0.520667 0.0178765 0.0653333 0.000139314
0 0.927952 1 0.0888407 0 0.000139676
0 0.403846 0.466667 0.0471289 0.088 0.000140593
0 0.773835 0.393333 0.0774648 0.106667 0.000140786
0 0.98402 0.454 0.031961 0.129333 0.000141484
0 0.631907 0.976667 0.0644637 0.0466667 0.000142304
0 0.484832 0.858667 0.0379198 0.0693333 0.00014266
0 0.944475 0.234667 0.0536295 0.096 0.000143673
0 0.50623 0.370667 0.0698808 0.0826667 0.000144567
0 0.352925 0.674667 0.0308776 0.0853333 0.00014513
0 0.590737 0.322667 0.0612134 0.104 0.000147703
0 0.871885 1 0.236728 0 0.000147802
0 0.0100217 0.158 0.0200433 0.313333 0.00014863
0 0.486186 0.676667 0.052546 0.0733333 0.000148752
0 0.859697 1 0.0888407 0 0.000150303
0 0.553629 0.411333 0.0455038 0.084 0.000150566
0 0.925515 0 0.102384 0 0.0001533
0 0.269502 0.0173333 0.0330444 0.0346667 0.000156201
0 0.987541 0.58 0.0249187 0.165333 0.000157233
0 0.976977 0.504 0.0427952 0.0906667 0.000158133
0 0.607259 0.0753333 0.0303359 0.068 0.000159645
0 0.577194 0.758 0.0384615 0.092 0.000159833
0 0.34805 0.675333 0.0200433 0.0546667 0.00016013
0 0.612134 0.389333 0.0238353 0.0666667 0.000161048
0 0.538191 0.436667 0.0362947 0.076 0.00016315
0 0.527356 0.00466667 0.0514626 0.00933333 0.000163205
0 0.701788 0.881333 0.0991333 0.224 0.000164775
0 0.53494 0.006 0.0352113 0.012 0.000165378
0 0.475081 0.323333 0.0693391 0.164 0.000169113
0 0.849133 0.0953333 0.031961 0.0973333 0.000171832
0 0.935265 0.502667 0.0709642 0.117333 0.000172058
0 0.945558 0.352 0.0698808 0.096 0.000172088
0 0.303629 0.16 0.0568797 0.096 0.000175657
0 0.400596 0.552 0.052546 0.088 0.000176139
0 0.581257 0.825333 0.020585 0.12 0.000176526
0 0.706663 0.00266667 0.088299 0.00533333 0.000177017
0 0.799296 0.267333 0.0113759 0.0333333 0.000179166
0 0.661972 0.888667 0.0780065 0.22 0.000182285
0 0.629469 0.405333 0.0433369 0.088 0.00018289
0 0.542253 0.277333 0.0487541 0.0826667 0.000185918
0 0.700704 0.0433333 0.0861322 0.0786667 0.00018616
0 0.846425 0.244 0.0124594 0.0373333 0.000189531
0 0.985103 0.176667 0.0297941 0.124 0.000190078
0 0.556609 0 0.0557963 0 0.00019115
0 0.765439 0.737333 0.0758397 0.112 0.000192756
0 0.365655 0.710667 0.0541712 0.136 0.00019417
0 0.691766 0.282 0.0335861 0.052 0.000195548
0 0.584507 0.298667 0.0390032 0.064 0.000196072
0 0.536566 0.09 0.0211268 0.0386667 0.000201159
0 0.592362 0.385333 0.0536295 0.136 0.000201472
0 0.868906 0.0193333 0.0476706 0.0386667 0.000203224
0 0.465872 0.824 0.0682557 0.141333 0.000204762
0 0.540358 0.364 0.039545 0.088 0.000205024
0 0.40818 0.933333 0.0373781 0.128 0.000206608
0 0.73429 0.700667 0.0666305 0.126667 0.000206974
0 0.397887 0.912 0.0514626 0.114667 0.000208127
0 0.798754 0.808 0.0568797 0.122667 0.000210435
0 0.366197 0.199333 0.35428 0.398667 0.000211691
0 0.580444 0.356667 0.0503792 0.148 0.000212468
0 0.93987 0.0533333 0.0390032 0.0906667 0.00021308
0 0.568256 0.121333 0.125677 0.181333 0.000216708
0 0.412784 0.570667 0.0444204 0.0906667 0.000219887
0 0.43364 0.440667 0.0384615 0.0786667 0.000222476
0 0.415493 0.243333 0.063922 0.102667 0.00022349
0 0.659534 0.298667 0.00812568 0.0213333 0.000223511
0 0.994041 0.887333 0.0119177 0.185333 0.000223594
0 0.553359 0.307333 0.0276273 0.0653333 0.000228834
0 0.660347 0.290667 0.0108342 0.04 0.000229691
0 0.709372 0.778667 0.0276273 0.0586667 0.000231884
0 0.466685 0.202667 0.0449621 0.12 0.00023278
0 0.744854 0.00333333 0.0769231 0.00666667 0.000243546
0 0.588841 0.102667 0.0801734 0.136 0.000245345
0 0.701246 0.766667 0.0536295 0.0986667 0.000245522
0 0.467497 0.226 0.0379198 0.0493333 0.000247975
0 0.499458 0.198667 0.063922 0.138667 0.000250257
0 0.451246 0.664667 0.0671723 0.110667 0.000253498
0 0.985915 0.505333 0.028169 0.130667 0.00025521
0 0.346425 0.658667 0.0265439 0.08 0.000257818
0 0.274919 0.476 0.0547129 0.088 0.000262787
0 0.989707 0.374667 0.020585 0.112 0.000265404
0 0.429577 0.87 0.0736728 0.188 0.000265934
0 0.913868 0.469333 0.0368364 0.0506667 0.000266342
0 0.798483 0.253333 0.0162514 0.048 0.000267324
0 0.00975081 0.762 0.0195016 0.470667 0.000270129
0 0.760022 0.418 0.0671723 0.0893333 0.000276326
0 0.701246 0.627333 0.0568797 0.134667 0.000277095
0 0.72454 0.758667 0.0612134 0.125333 0.000281541
0 0.622698 0.38 0.0503792 0.112 0.000282901
0 0.596425 0.417333 0.0422535 0.088 0.000286101
0 0.918472 0.465333 0.0590466 0.08 0.000293074
0 0.687161 0.815333 0.0612134 0.124 0.000297162
0 0.992687 0.138 0.0146262 0.121333 0.000298791
0 0.666035 0.651333 0.0612134 0.129333 0.000298838
0 0.831528 0.363333 0.0368364 0.0786667 0.000299143
0 0.796587 0.268 0.00812568 0.0186667 0.000299741
0 0.486186 0.766 0.0341278 0.092 0.000299817
0 0.741333 0.409333 0.0872156 0.165333 0.000301271
0 0.531961 0.470667 0.0238353 0.04 0.000303253
0 0.724269 0.006 0.0877573 0.012 0.000304042
0 0.426056 0.93 0.06013 0.129333 0.000305786
0 0.621343 0.315333 0.035753 0.076 0.0003201
0 0.423619 0.55 0.0433369 0.0813333 0.000320744
0 0.716414 0.431333 0.0406284 0.0973333 0.000330124
0 0.988353 0.108 0.0232936 0.138667 0.000335956
0 0.406555 0.885333 0.0276273 0.0426667 0.000351243
0 0.415222 0.268 0.0807151 0.0986667 0.000363
0 0.707205 0.274 0.0135428 0.0413333 0.000365236
0 0.614301 0.113333 0.0325027 0.114667 0.000390971
0 0.992958 0.294667 0.0140845 0.0933333 0.000392538
0 0.534128 0.382667 0.0292524 0.0693333 0.000397115
0 0.773023 0.497333 0.0325027 0.072 0.000406966
0 0.738353 0.741333 0.0606717 0.114667 0.000413118
0 0.989978 0.460667 0.0135428 0.0706667 0.000414998
0 0.992687 0.0113333 0.0146262 0.0226667 0.000421622
0 0.675244 0.620667 0.0568797 0.116 0.000422086
0 0.648429 0.982 0.0249187 0.0333333 0.000428421
0 0.99052 0.441333 0.0189599 0.117333 0.000451417
0 0.97779 0 0.0444204 0 0.000455554
0 0.970477 0.0513333 0.0590466 0.102667 0.000460136
0 0.430661 0.38 0.0400867 0.117333 0.000462837
0 0.572048 0.0733333 0.0899242 0.0933333 0.000470746
0 0.391658 0.358 0.035753 0.0626667 0.000478154
0 0.98402 0.0566667 0.031961 0.108 0.000485666
0 0.458288 0.725333 0.056338 0.117333 0.000488548
0 0.715601 0.671333 0.0812568 0.164 0.000494843
0 0.731853 0.716667 0.0487541 0.084 0.000499684
0 0.994583 0.560667 0.0108342 0.174667 0.000504598
0 0.448808 0.846 0.0796316 0.121333 0.000515817
0 0.00622969 0.818667 0.0124594 0.36 0.000529717
0 0.934724 0.407333 0.0655471 0.076 0.000539519
0 0.432015 0.272 0.0557963 0.08 0.000560444
0 0.54415 0.514 0.0113759 0.0466667 0.000567311
0 0.760022 0.492 0.0465872 0.088 0.000569806
0 0.804984 0.369333 0.071506 0.106667 0.000578446
0 0.986728 0.258667 0.0265439 0.101333 0.0005891
0 0.654117 0.285333 0.0222102 0.0666667 0.00059464
0 0.994583 0.365333 0.0108342 0.157333 0.000595098
0 0.517335 0.393333 0.0379198 0.0373333 0.000598296
0 0.954225 0.220667 0.0460455 0.0653333 0.000600942
0 0.959101 0 0.0785482 0 0.0006066
0 0.882719 0.437333 0.0720477 0.117333 0.000635767
0 0.719935 0.352667 0.0487541 0.0813333 0.000642434
0 0.687161 0.619333 0.0384615 0.0893333 0.000647796
0 0.402763 0.84 0.0807151 0.168 0.000669283
0 0.565276 0.736667 0.0547129 0.137333 0.00069614
0 0.62351 0.339333 0.0368364 0.0893333 0.000702515
0 0.990791 0 0.0184182 0 0.000719553
0 0.843174 0.394 0.0557963 0.102667 0.000722405
0 0.478873 0.822 0.0390032 0.113333 0.000736241
0 0.53494 0.523333 0.0287107 0.084 0.000759471
0 0.712622 0.45 0.0297941 0.06 0.000771207
0 0.766793 0.51 0.0146262 0.0253333 0.000814425
0 0.504605 0.432667 0.0785482 0.092 0.000843784
0 0.903034 0.472667 0.0238353 0.0413333 0.000901747
0 0.763814 0.361333 0.106176 0.157333 0.000917214
0 0.760563 0.532667 0.0303359 0.0733333 0.00097537
0 0.963434 0.0273333 0.0492958 0.0546667 0.000982526
0 0.618093 0.292667 0.0227519 0.068 0.000999182
0 0.776273 0.415333 0.0465872 0.0706667 0.00106198
0 0.728873 0.374 0.0644637 0.121333 0.00106289
0 0.697725 0.644667 0.0433369 0.0813333 0.0010688
0 0.992687 0.06 0.0146262 0.109333 0.00111006
0 0.511647 0.518 0.0720477 0.092 0.00118107
0 0.471831 0.682 0.0238353 0.0546667 0.0012934
0 0.46831 0.655333 0.0471289 0.0866667 0.001393
0 0.463164 0.26 0.0455038 0.0933333 0.00147435
0 0.919556 0.218 0.0579632 0.0733333 0.00150331
0 0.734832 0.468 0.0666305 0.0986667 0.00152275
0 0.687432 0.638 0.0303359 0.0573333 0.00154709
0 0.78792 0.416667 0.0579632 0.092 0.00158345
0 0.746479 0.0266667 0.0725894 0.0533333 0.00159185
0 0.682828 0.662 0.0384615 0.0866667 0.00168128
0 0.453413 0.295333 0.0227519 0.0333333 0.00168654
0 0.694204 0.670667 0.0460455 0.101333 0.00185393
0 0.762459 0.519333 0.0222102 0.0466667 0.00199478
0 0.755688 0.508667 0.035753 0.0546667 0.00214924
0 0.985645 0.222 0.0287107 0.0866667 0.00221108
0 0.828819 0.388667 0.0368364 0.0973333 0.00228304
0 0.562297 0.304 0.0108342 0.0533333 0.00256085
0 0.468039 0.244667 0.0346696 0.044 0.00260674
0 0.572589 0.840667 0.0216685 0.110667 0.00281083
0 0.802275 0.74 0.0465872 0.112 0.00294418
0 0.921723 0.421333 0.0709642 0.12 0.00328467
0 0.447454 0.774667 0.0368364 0.208 0.00333218
0 0.708017 0.698667 0.0585049 0.128 0.00371426
0 0.735374 0.295333 0.0687974 0.0626667 0.0037363
0 0.718581 0.322667 0.0471289 0.0586667 0.00390699
0 0.440953 0.774667 0.0823402 0.210667 0.00409205
0 0.740249 0.338667 0.0666305 0.104 0.00461349
0 0.994854 0.429333 0.0102925 0.122667 0.00526962
0 0.614301 0.300667 0.0162514 0.0466667 0.0053011
0 0.994854 0.502 0.0102925 0.1 0.00537194
0 0.723998 0.0306667 0.0785482 0.0586667 0.0133504
0 0.74052 0.312667 0.0552546 0.0653333 0.0133918
0 0.891928 0.462 0.0460455 0.068 0.0182503
0 0.765168 0.455333 0.06013 0.118667 0.0204887
0 0.418472 0.816667 0.0514626 0.150667 0.0607579
0 0.458559 0.694 0.0514626 0.06 0.0791351
0 0.754605 0.306667 0.0574215 0.056 0.123429
0 0.810401 0.396 0.0617551 0.0773333 0.125289
0 0.480228 0.778667 0.0449621 0.210667 0.831482
0 0.888949 0.606667 0.0574215 0.178667 0.902695
0 0.632719 0.569333 0.0520043 0.141333 0.909305
