0 0.992416 0.0266667 0.0151679 0.0533333 0.000100033
0 0.219122 0.343333 0.0503792 0.084 0.000100261
0 0.915764 0.449333 0.0557963 0.0906667 0.000100324
0 0.794691 0.438 0.0693391 0.110667 0.000101333
0 0.625948 0.551333 0.0362947 0.0946667 0.000102121
0 0.300921 0.0966667 0.0482123 0.102667 0.000104599
0 0.935265 0.503333 0.0774648 0.158667 0.000106863
0 0.920368 0.176667 0.147346 0.246667 0.000107939
0 0.442308 0.0426667 0.0872156 0.08 0.000110479
0 0.973185 0.576 0.0536295 0.245333 0.000112918
0 0.980769 0.008 0.0384615 0.016 0.000115442
0 0.928223 0.479333 0.0471289 0.0813333 0.000116506
0 0.417118 0.008 0.0509209 0.016 0.000121677
0 0.634345 0.06 0.0498375 0.106667 0.00012187
0 0.640574 0.948 0.031961 0.096 0.000122206
0 0.548212 0.0693333 0.0628386 0.12 0.000122914
0 0.451246 0.0233333 0.0866739 0.0466667 0.000123293
0 0.672535 0.086 0.0633803 0.126667 0.000124729
0 0.505688 0.0733333 0.0514626 0.0933333 0.000126814
0 0.0067714 0.827333 0.0135428 0.345333 0.00013036
0 0.409263 0.024 0.0492958 0.0453333 0.000130525
0 0.386241 0.215333 0.104009 0.148 0.000130815
0 0.750542 0.0266667 0.06013 0.0506667 0.000130935
0 0.665493 0 0.0655471 0 0.000131012
0 0.369718 0.02 0.095883 0.04 0.000131535
0 0.805796 0.186667 0.197725 0.344 0.000132198
0 0.337757 0.002 0.0763814 0.004 0.000134684
0 0.205038 0.500667 0.0449621 0.0946667 0.000135082
0 0.990249 0.926667 0.0195016 0.144 0.000136531
0 0.758397 0.0426667 0.0812568 0.08 0.00013746
0 0.336132 0.0153333 0.0687974 0.0306667 0.000138275
0 0.613218 0.361333 0.0465872 0.088 0.000138685
0 0.821777 0.0606667 0.0487541 0.0813333 0.000139434
0 0.99052 0 0.0189599 0 0.000140273
0 0.612676 0.00133333 0.151679 0.00266667 0.000140751
0 0.882719 0.212 0.196641 0.397333 0.000145099
0 0.755146 0.941333 0.0931744 0.114667 0.000147484
0 0.221289 0.307333 0.052546 0.0893333 0.000147934
0 0.258126 0 0.0622969 0 0.000148187
0 0.486186 0 0.0687974 0 0.000150504
0 0.98727 0.584667 0.0254605 0.212 0.000151467
0 0.378386 0 0.0622969 0 0.000152032
0 0.728061 0.964667 0.0411701 0.0706667 0.00015225
0 0.239978 0.339333 0.063922 0.105333 0.000155179
0 0.674431 0.0213333 0.0964247 0.0426667 0.000155288
0 0.923348 0.0926667 0.0947996 0.169333 0.000156498
0 0.372969 0.191333 0.0666305 0.142667 0.000156619
0 0.424431 0 0.0590466 0 0.000156726
0 0.643012 0.098 0.0660888 0.116 0.000158851
0 0.989978 0.423333 0.0200433 0.174667 0.000159155
0 0.926056 0.846 0.14572 0.302667 0.000161314
0 0.456663 0 0.0671723 0 0.000162198
0 0.94312 0.406 0.110509 0.22 0.000166544
0 0.492687 0.0473333 0.0622969 0.0866667 0.000166573
0 0.810672 0.0693333 0.0622969 0.112 0.000167909
0 0.99052 0.358667 0.0189599 0.141333 0.00016913
0 0.806338 0.174667 0.0482123 0.0826667 0.000170223
0 0.729415 0.0266667 0.0438787 0.0506667 0.000172315
0 0.439599 0.0233333 0.0666305 0.0466667 0.000173218
0 0.353467 0.222667 0.0276273 0.0693333 0.000173554
0 0.979686 0.432 0.0406284 0.184 0.000173647
0 0.979415 0.366 0.0411701 0.204 0.000174014
0 0.248375 0.273333 0.0568797 0.0906667 0.000175648
0 0.944204 0.128667 0.0942579 0.161333 0.000176691
0 0.980498 0.114 0.0390032 0.177333 0.000179404
0 0.886782 0.909333 0.0660888 0.157333 0.000181834
0 0.646804 0.0173333 0.0812568 0.0346667 0.000181969
0 0.695016 0.00933333 0.0899242 0.0186667 0.000188383
0 0.307692 0.002 0.0628386 0.004 0.000190239
0 0.832882 0.241333 0.0817985 0.152 0.000190644
0 0.94312 0 0.111593 0 0.000190901
0 0.480498 0.216667 0.0574215 0.0973333 0.000191471
0 0.608342 0.0393333 0.0725894 0.0786667 0.000193006
0 0.612947 0.006 0.0731311 0.012 0.000201763
0 0.442308 0.231333 0.109967 0.156 0.000202409
0 0.94312 0.257333 0.112676 0.24 0.000207302
0 0.577736 0.008 0.0579632 0.016 0.0002078
0 0.819068 0.107333 0.0606717 0.148 0.000208495
0 0.334778 0.0586667 0.0509209 0.0853333 0.000209758
0 0.576381 0.352 0.0346696 0.0826667 0.000210616
0 0.0116468 0.784667 0.0232936 0.430667 0.000213403
0 0.358342 0.212667 0.0135428 0.044 0.000216289
0 0.632449 0 0.0720477 0 0.000217685
0 0.983207 0.0506667 0.0335861 0.101333 0.00022155
0 0.422806 0.320667 0.0460455 0.105333 0.000230536
0 0.956934 0.601333 0.0839653 0.304 0.000231404
0 0.318256 0.171333 0.0514626 0.0973333 0.000236669
0 0.228332 0.298 0.0362947 0.0573333 0.000238181
0 0.988895 0.782 0.0222102 0.230667 0.000238675
0 0.797129 0.923333 0.0915493 0.14 0.000240935
0 0.983749 0.827333 0.0325027 0.278667 0.000242584
0 0.262189 0.431333 0.0151679 0.0253333 0.000247091
0 0.841278 0.424667 0.0823402 0.113333 0.000255566
0 0.644366 0.0306667 0.133803 0.056 0.000268115
0 0.62974 0.595333 0.0384615 0.0973333 0.000269277
0 0.992416 0.319333 0.0151679 0.110667 0.000274476
0 0.767064 0.620667 0.0444204 0.0893333 0.000276637
0 0.264897 0.45 0.0184182 0.052 0.000277679
0 0.324756 0.0113333 0.039545 0.0226667 0.000279338
0 0.306067 0.06 0.0769231 0.109333 0.000279708
0 0.70585 0.03 0.132178 0.06 0.000282152
0 0.963976 0.100667 0.0720477 0.172 0.000282407
0 0.390303 0.0446667 0.0655471 0.084 0.000287413
0 0.952329 0.0553333 0.0899242 0.110667 0.00029167
0 0.988082 0.517333 0.0238353 0.16 0.000292509
0 0.310943 0.111333 0.0433369 0.0946667 0.000297368
0 0.41468 0.31 0.0417118 0.0733333 0.000302594
0 0.73402 0.785333 0.0325027 0.192 0.000304914
0 0.770043 0.460667 0.0937161 0.164 0.000309232
0 0.460455 0.0286667 0.0617551 0.0573333 0.000318709
0 0.978332 0.504667 0.0433369 0.177333 0.0003197
0 0.317443 0.0106667 0.0509209 0.0213333 0.000320158
0 0.213164 0.491333 0.0287107 0.0733333 0.000320334
0 0.628386 0.116667 0.0325027 0.068 0.000322968
0 0.51571 0 0.0595883 0 0.000333639
0 0.982123 0.178667 0.035753 0.165333 0.000336949
0 0.59182 0 0.0828819 0 0.000338622
0 0.567714 0.320667 0.0346696 0.092 0.000346551
0 0.44312 0.281333 0.0270856 0.04 0.000370208
0 0.991874 0.0506667 0.0162514 0.0986667 0.00037067
0 0.988082 0.0813333 0.0238353 0.154667 0.000375885
0 0.61701 0.583333 0.0130011 0.0333333 0.000383939
0 0.352654 0.224 0.0725894 0.133333 0.000390957
0 0.311213 0.142 0.039545 0.076 0.000398379
0 0.752167 0.963333 0.0742145 0.0733333 0.000411047
0 0.446371 0.311333 0.0498375 0.0786667 0.0004278
0 0.581798 0.323333 0.0400867 0.092 0.000436554
0 0.482394 0.236667 0.0427952 0.0866667 0.000437945
0 0.379469 0.248 0.0102925 0.0293333 0.000452048
0 0.989437 0.255333 0.0211268 0.190667 0.000472847
0 0.813109 0.144 0.0541712 0.0853333 0.000506913
0 0.805255 0.208667 0.0362947 0.084 0.000514134
0 0.335049 0.0433333 0.10455 0.0813333 0.000514873
0 0.573131 0.332667 0.0151679 0.036 0.00051581
0 0.719393 0.978667 0.0400867 0.0426667 0.000518325
0 0.4526 0.279333 0.0438787 0.068 0.000523964
0 0.555255 0.022 0.0476706 0.044 0.000526802
0 0.599675 0.302 0.0444204 0.068 0.00053095
0 0.574485 0.0633333 0.0406284 0.1 0.000535277
0 0.987812 0.844 0.024377 0.170667 0.000538442
0 0.961538 0.520667 0.0769231 0.206667 0.000576696
0 0.552004 0.00133333 0.0725894 0.00266667 0.000583778
0 0.486186 0.024 0.0482123 0.0453333 0.00063306
0 0.219935 0.484667 0.0162514 0.0546667 0.000636038
0 0.391387 0.252 0.0438787 0.0853333 0.000640348
0 0.324485 0.417333 0.0140845 0.0213333 0.000642843
0 0.991333 0.171333 0.0173348 0.142667 0.000646213
0 0.969935 0.908667 0.06013 0.177333 0.000663942
0 0.68039 0.0673333 0.099675 0.116 0.00067706
0 0.46831 0.25 0.0742145 0.124 0.000684563
0 0.81636 0.427333 0.0379198 0.0866667 0.000685154
0 0.578277 0.052 0.088299 0.104 0.000696441
0 0.852113 0.264 0.0444204 0.0933333 0.000697396
0 0.338028 0.196667 0.0660888 0.118667 0.000756829
0 0.823673 0.208667 0.0687974 0.102667 0.000787687
0 0.446371 0.296667 0.035753 0.0626667 0.000813878
0 0.971831 0.252667 0.056338 0.198667 0.000823129
0 0.411972 0.238667 0.0557963 0.125333 0.000845568
0 0.497833 0.248 0.0411701 0.0853333 0.00085076
0 0.730769 0.729333 0.0227519 0.106667 0.000864491
0 0.843987 0.106667 0.118093 0.178667 0.000914861
0 0.888137 0.102 0.208559 0.204 0.000979619
0 0.61701 0.603333 0.0140845 0.068 0.000986683
0 0.790358 0.950667 0.0725894 0.0986667 0.00103229
0 0.417389 0.278667 0.0222102 0.0373333 0.00113248
0 0.543879 0.629333 0.0140845 0.0586667 0.00118886
0 0.789274 0.0753333 0.101842 0.142667 0.00124377
0 0.656826 0.034 0.0731311 0.068 0.00133049
0 0.377573 0.254667 0.0780065 0.114667 0.00139748
0 0.726165 0.984 0.0254605 0.032 0.0014873
0 0.358884 0.208667 0.0102925 0.028 0.00160683
0 0.576923 0.336 0.0108342 0.0293333 0.00173976
0 0.777898 0.578 0.0520043 0.108 0.00177831
0 0.366739 0.228 0.0433369 0.0826667 0.00183726
0 0.26571 0.353333 0.0135428 0.0533333 0.00195319
0 0.348321 0.190667 0.035753 0.0746667 0.00200449
0 0.420098 0.263333 0.0460455 0.0706667 0.00296734
0 0.762459 0.589333 0.0514626 0.104 0.00344164
0 0.307963 0.034 0.0666305 0.0626667 0.00348644
0 0.582611 0.822667 0.0211268 0.0373333 0.00360489
0 0.69312 0.0426667 0.0850488 0.08 0.00421124
0 0.537107 0.038 0.0644637 0.076 0.00448991
0 0.571235 0.341333 0.0254605 0.0506667 0.00522804
0 0.747562 0.785333 0.0541712 0.210667 0.00597652
0 0.556338 0.0453333 0.0509209 0.088 0.00612581
0 0.492416 0.232 0.0335861 0.0586667 0.00643808
0 0.47454 0.0373333 0.056338 0.0693333 0.00721982
0 0.772752 0.596 0.0373781 0.072 0.00857054
0 0.417118 0.286667 0.0379198 0.0666667 0.0125907
0 0.752709 0.518 0.0557963 0.22 0.015111
0 0.432015 0.297333 0.0568797 0.0826667 0.0153626
0 0.40195 0.266 0.0541712 0.0733333 0.0726583
0 0.67416 0.0266667 0.067714 0.048 0.0741024
0 0.747291 0.463333 0.0438787 0.116 0.761382
0 0.627031 0.401333 0.0449621 0.125333 0.841302
0 0.274648 0.647333 0.0975081 0.156 0.943252
