0 0.326923 0.37 0.0514626 0.121333 0.000100122
0 0.868635 1 0.26273 0 0.000102315
0 0.439328 0.193333 0.0552546 0.109333 0.000102842
0 0.46506 0.244 0.0774648 0.106667 0.000103063
0 0.845883 0.046 0.0937161 0.084 0.000103234
0 0.540899 0.05 0.0547129 0.0813333 0.000103298
0 0.00785482 0.650667 0.0157096 0.368 0.000104234
0 0.552546 0.142667 0.0422535 0.096 0.000105265
0 0.994583 0.00866667 0.0108342 0.0173333 0.000105785
0 0.365926 0.0306667 0.0406284 0.0613333 0.000107582
0 0.863759 0.07 0.115385 0.126667 0.000107947
0 0.445829 0.208667 0.035753 0.0706667 0.000108289
0 0.605634 0.0153333 0.109426 0.0306667 0.000109591
0 0.371885 0.0806667 0.0482123 0.0893333 0.000110256
0 0.0148971 0.905333 0.0297941 0.189333 0.000110361
0 0.607259 0.36 0.0747562 0.125333 0.000111075
0 0.434724 0.00933333 0.109967 0.0186667 0.000111894
0 0.340737 0.156 0.0682557 0.0986667 0.000112637
0 0.561484 0.221333 0.0276273 0.133333 0.000115874
0 0.304171 0.0933333 0.0167931 0.0666667 0.000116279
0 0.281148 0.301333 0.00975081 0.0346667 0.000116419
0 0.976706 0.48 0.0455038 0.181333 0.00011697
0 0.963164 0.330667 0.0725894 0.192 0.000117343
0 0.952871 0.816667 0.0942579 0.366667 0.000117779
0 0.704496 0.028 0.0731311 0.056 0.000119536
0 0.0146262 0.469333 0.0292524 0.314667 0.000121413
0 0.397887 0.0833333 0.0503792 0.0813333 0.000123029
0 0.0143554 0.122667 0.0287107 0.245333 0.000123987
0 0.0200433 0.567333 0.0400867 0.225333 0.000124007
0 0.117822 0.004 0.184724 0.008 0.000124356
0 0.934182 0.174667 0.0763814 0.106667 0.000126188
0 0.0509209 0.00333333 0.100758 0.00666667 0.000127102
0 0.969935 0.730667 0.06013 0.224 0.000129574
0 0.304442 0.271333 0.035753 0.0706667 0.000131248
0 0.787378 0.156667 0.0785482 0.105333 0.000132213
0 0.960726 0.507333 0.0774648 0.204 0.000134554
0 0.978873 0.996 0.0422535 0.008 0.000136532
0 0.500271 0.152 0.067714 0.136 0.000142375
0 0.41441 0.082 0.0476706 0.084 0.000143487
0 0.432286 0.374 0.0368364 0.145333 0.000144794
0 0.976706 0.0346667 0.0400867 0.0693333 0.000145612
0 0.864843 0.130667 0.0763814 0.12 0.000146223
0 0.968852 0.564 0.0622969 0.178667 0.000151566
0 0.884615 0.226 0.0769231 0.145333 0.000152919
0 0.830173 0.632 0.114301 0.168 0.000153068
0 0.238082 0.064 0.0503792 0.125333 0.00015367
0 0.517335 0.132667 0.035753 0.108 0.000155002
0 0.81338 0 0.0731311 0 0.000155528
0 0.241603 0.395333 0.0195016 0.052 0.000156311
0 0.631365 0.206 0.0568797 0.0813333 0.000158696
0 0.719664 0.345333 0.0471289 0.072 0.000159176
0 0.946641 0.911333 0.106717 0.177333 0.000159231
0 0.463705 0.372667 0.0964247 0.142667 0.000159833
0 0.350217 0.736 0.0276273 0.106667 0.000162235
0 0.223456 0.608667 0.0362947 0.076 0.000163535
0 0.291441 0.172 0.0162514 0.072 0.000165041
0 0.834507 0.147333 0.06013 0.084 0.000166927
0 0.894366 0.000666667 0.0780065 0.00133333 0.000168296
0 0.687161 0.038 0.0796316 0.0733333 0.000169687
0 0.903034 0.022 0.0671723 0.044 0.000175553
0 0.709372 0.754667 0.0189599 0.0533333 0.000176903
0 0.911701 0.45 0.099675 0.113333 0.000178585
0 0.874865 0.691333 0.0736728 0.26 0.00017979
0 0.25948 0.134 0.0617551 0.092 0.00018043
0 0.203142 0 0.071506 0 0.000182282
0 0.25325 0.0593333 0.0427952 0.108 0.000182787
0 0.980228 0.615333 0.039545 0.142667 0.000183028
0 0.131365 0.549333 0.0666305 0.114667 0.000184128
0 0.507313 0.119333 0.0503792 0.0893333 0.000184271
0 0.870802 0 0.0666305 0 0.000185973
0 0.320964 0.275333 0.0362947 0.068 0.000186448
0 0.716143 0.243333 0.0650054 0.092 0.000187436
0 0.345612 0.975333 0.0910076 0.0493333 0.000191143
0 0.274648 0.282667 0.0195016 0.0746667 0.000191506
0 0.00839653 0.0906667 0.0167931 0.181333 0.000191577
0 0.31961 0.979333 0.0682557 0.0413333 0.000192101
0 0.00541712 0.183333 0.0108342 0.348 0.000192711
0 0.0113759 0.362 0.0227519 0.596 0.000192769
0 0.796045 0.127333 0.0666305 0.084 0.000193087
0 0.417118 0.339333 0.063922 0.0893333 0.000194755
0 0.822319 0.104 0.0812568 0.114667 0.000196537
0 0.514626 0.187333 0.0314193 0.084 0.000198742
0 0.432557 0.955333 0.0579632 0.0893333 0.000199487
0 0.844258 0.078 0.0731311 0.1 0.000201555
0 0.986186 1 0.0276273 0 0.000205918
0 0.501896 0.0353333 0.0915493 0.068 0.00021206
0 0.485645 0.125333 0.0817985 0.141333 0.000213733
0 0.978061 0.900667 0.0438787 0.196 0.000214358
0 0.833694 0.123333 0.0682557 0.0813333 0.000219419
0 0.0238353 0.736667 0.0476706 0.524 0.000223894
0 0.0853196 0.903333 0.166306 0.193333 0.000226804
0 0.994312 0.48 0.0113759 0.154667 0.000235566
0 0.837486 0 0.063922 0 0.000236734
0 0.00460455 0.084 0.0092091 0.157333 0.000238505
0 0.864843 0.0126667 0.0742145 0.0253333 0.000238696
0 0.513814 0.201333 0.0232936 0.0533333 0.000239751
0 0.296046 0.29 0.0352113 0.0706667 0.000240446
0 0.239437 0.165333 0.0465872 0.109333 0.000240484
0 0.742145 0.038 0.0595883 0.076 0.000240586
0 0.928765 0.0233333 0.0893824 0.0466667 0.000248964
0 0.779252 0.0266667 0.0720477 0.0533333 0.000251148
0 0.721831 0.012 0.0503792 0.024 0.000260236
0 0.801733 0.076 0.0823402 0.130667 0.000264017
0 0.991603 0.946 0.0167931 0.105333 0.000265926
0 0.984561 0.762 0.0308776 0.204 0.000268733
0 0.861593 0.0286667 0.0893824 0.0573333 0.000268983
0 0.805796 0.129333 0.0449621 0.056 0.000270037
0 0.00568797 0.472667 0.0113759 0.348 0.000271784
0 0.970206 0.651333 0.0595883 0.217333 0.000273865
0 0.524648 0.0306667 0.0633803 0.0613333 0.000275688
0 0.979686 0.352 0.0406284 0.16 0.000276357
0 0.822319 0.902 0.0595883 0.14 0.000283113
0 0.640845 0.115333 0.0606717 0.0786667 0.000285124
0 0.949892 0.428 0.0969664 0.333333 0.000285616
0 0.991874 0.0233333 0.0162514 0.0466667 0.000290266
0 0.985915 0.261333 0.028169 0.237333 0.000291098
0 0.965872 0.190667 0.0617551 0.144 0.000293451
0 0.605092 0 0.071506 0 0.000297688
0 0.229686 0.098 0.0574215 0.108 0.000304874
0 0.931203 0.000666667 0.0985916 0.00133333 0.000313182
0 0.386782 0.0626667 0.0595883 0.088 0.000314421
0 0.27519 0.155333 0.105092 0.172 0.000319743
0 0.862405 0.189333 0.108342 0.133333 0.000321799
0 0.23429 0 0.06013 0 0.000334974
0 0.387324 0.00733333 0.0650054 0.0146667 0.000341054
0 0.987541 0.918 0.0249187 0.164 0.000342258
0 0.580444 0.034 0.0666305 0.0626667 0.000344657
0 0.515439 0.02 0.0579632 0.04 0.000347051
0 0.709372 0 0.0633803 0 0.000351526
0 0.289816 0.979333 0.130011 0.0413333 0.000358657
0 0.91143 0.0946667 0.0904659 0.133333 0.000364981
0 0.285482 0.15 0.0606717 0.124 0.000365711
0 0.24675 0.406667 0.031961 0.0773333 0.000368219
0 0.908992 0.0273333 0.0585049 0.0546667 0.000369398
0 0.532232 0.038 0.095883 0.0706667 0.000371813
0 0.407909 0.004 0.0530878 0.008 0.000375904
0 0.0148971 0.6 0.0297941 0.8 0.000379133
0 0.94935 0.407333 0.0893824 0.161333 0.000382754
0 0.637053 0.0126667 0.0910076 0.0253333 0.00038879
0 0.407638 0.0626667 0.0514626 0.08 0.000388902
0 0.963976 0.000666667 0.0687974 0.00133333 0.000397427
0 0.00785482 0.841333 0.0157096 0.317333 0.000399165
0 0.536024 0.014 0.067714 0.028 0.00040085
0 0.777356 0 0.0682557 0 0.000400944
0 0.00514626 0.331333 0.0102925 0.417333 0.000401483
0 0.559588 0.00533333 0.0910076 0.0106667 0.00040363
0 0.592904 0.176667 0.0222102 0.0413333 0.000407901
0 0.604821 0.062 0.0872156 0.0946667 0.000408964
0 0.840466 0.022 0.0731311 0.044 0.000409084
0 0.817985 0.166667 0.0617551 0.0933333 0.000415507
0 0.985103 0.00133333 0.0297941 0.00266667 0.000417953
0 0.9526 0.0313333 0.0666305 0.0626667 0.000423692
0 0.492687 0.0906667 0.0785482 0.088 0.000428926
0 0.35455 0.716667 0.0189599 0.0653333 0.000429562
0 0.987812 0.504 0.024377 0.165333 0.000437153
0 0.953413 0.0613333 0.0736728 0.109333 0.000446699
0 0.559588 0.466667 0.0119177 0.072 0.000448308
0 0.988895 0.226 0.0222102 0.118667 0.000454791
0 0.637866 0 0.0742145 0 0.000456803
0 0.714518 0.211333 0.0650054 0.0946667 0.000457789
0 0.989978 0.816 0.0200433 0.274667 0.000463616
0 0.992687 0.571333 0.0146262 0.150667 0.000466546
0 0.66441 0.0533333 0.0536295 0.101333 0.000470352
0 0.941224 0.456 0.0807151 0.138667 0.000471931
0 0.270585 0.263333 0.0157096 0.052 0.000477841
0 0.450163 0.336667 0.0693391 0.084 0.000492812
0 0.698267 0.186 0.0736728 0.105333 0.000495281
0 0.19312 0.608667 0.0850488 0.124 0.000496508
0 0.930661 0.0546667 0.0725894 0.106667 0.000514884
0 0.752167 0.002 0.088299 0.004 0.000519325
0 0.916847 0.421333 0.0352113 0.106667 0.000527183
0 0.930661 0.0813333 0.0476706 0.0773333 0.000527303
0 0.583424 0.164667 0.0465872 0.0786667 0.000527332
0 0.80065 0.150667 0.0520043 0.064 0.000548943
0 0.990791 0.747333 0.0184182 0.172 0.000549377
0 0.260293 0.000666667 0.0568797 0.00133333 0.000563529
0 0.488895 0.212667 0.0590466 0.0946667 0.000568835
0 0.518418 0 0.0617551 0 0.00057585
0 0.990791 0 0.0184182 0 0.00057593
0 0.391116 0 0.0498375 0 0.000586368
0 0.636511 0.0333333 0.099675 0.0666667 0.000586835
0 0.224269 0.625333 0.020585 0.08 0.000596882
0 0.987812 0.705333 0.024377 0.248 0.00059845
0 0.6487 0.096 0.0644637 0.08 0.000615278
0 0.532774 0.131333 0.031961 0.084 0.000623672
0 0.926327 0.451333 0.0487541 0.0706667 0.000647551
0 0.991333 0.429333 0.0173348 0.138667 0.000665238
0 0.283315 0.00266667 0.0834236 0.00533333 0.000673846
0 0.983478 0.438 0.0330444 0.158667 0.000679799
0 0.47454 0.188 0.0834236 0.109333 0.000698401
0 0.280878 0.098 0.0969664 0.14 0.00070577
0 0.917118 0.613333 0.15493 0.16 0.000712909
0 0.639762 0.156 0.0747562 0.096 0.000714742
0 0.777356 0.0386667 0.0660888 0.0773333 0.000717637
0 0.659263 0.11 0.0455038 0.0706667 0.00073302
0 0.798483 0.0466667 0.113759 0.0906667 0.000742552
0 0.568797 0.0293333 0.063922 0.0586667 0.000752118
0 0.592362 0.026 0.067714 0.052 0.000758005
0 0.98727 0.590667 0.0254605 0.16 0.000767424
0 0.990791 0.636667 0.0184182 0.172 0.000770516
0 0.451517 0.026 0.0774648 0.052 0.000793632
0 0.872698 0.626667 0.0736728 0.146667 0.000796172
0 0.231853 0.136667 0.0585049 0.105333 0.000819286
0 0.367822 0 0.0520043 0 0.000822043
0 0.911972 0.148667 0.0709642 0.084 0.000831879
0 0.425244 0 0.0552546 0 0.000865025
0 0.98104 0.292 0.0379198 0.133333 0.000874129
0 0.314464 0.140667 0.0514626 0.145333 0.000887582
0 0.596425 0.172667 0.0151679 0.0253333 0.000893997
0 0.980498 0.159333 0.0390032 0.236 0.000926271
0 0.404117 0.038 0.0520043 0.076 0.000949312
0 0.489978 0 0.0612134 0 0.000955684
0 0.318797 0.000666667 0.0503792 0.00133333 0.00103174
0 0.504605 0.206 0.0211268 0.0546667 0.00105806
0 0.586945 0.00666667 0.0731311 0.0133333 0.00106557
0 0.675515 0.102667 0.063922 0.0826667 0.00112286
0 0.662243 0.006 0.0991333 0.012 0.00113499
0 0.466685 0.0846667 0.0568797 0.076 0.00114082
0 0.488082 0.0186667 0.0498375 0.0346667 0.00114491
0 0.972373 0.225333 0.0552546 0.114667 0.00115927
0 0.656013 0.0726667 0.0335861 0.076 0.00119014
0 0.551463 0.022 0.0801734 0.044 0.0011995
0 0.992416 0.0533333 0.0151679 0.106667 0.00121742
0 0.693933 0.00533333 0.0910076 0.0106667 0.00123582
0 0.450704 0 0.0606717 0 0.00127173
0 0.495937 0.202667 0.0384615 0.0666667 0.0012867
0 0.465601 0.0213333 0.0612134 0.04 0.0012883
0 0.249187 0.094 0.0411701 0.110667 0.00131142
0 0.918472 0.108667 0.130553 0.201333 0.00132238
0 0.436891 0.0506667 0.0720477 0.0933333 0.00139389
0 0.708559 0.770667 0.0227519 0.0906667 0.0014051
0 0.831798 0.028 0.0633803 0.056 0.00143135
0 0.338028 0 0.0617551 0 0.0014594
0 0.600758 0.0326667 0.0476706 0.0653333 0.00149598
0 0.93364 0.125333 0.0579632 0.109333 0.00150441
0 0.922806 0.552667 0.140303 0.236 0.00160305
0 0.0124594 0.762 0.0249187 0.476 0.00165434
0 0.985645 0.0826667 0.0287107 0.152 0.00167195
0 0.327465 0.068 0.0590466 0.136 0.00167316
0 0.36078 0.046 0.108342 0.092 0.00168306
0 0.986457 0.385333 0.0270856 0.149333 0.00170883
0 0.322319 0.0333333 0.0303359 0.0666667 0.00183303
0 0.847779 0.159333 0.144095 0.108 0.00208039
0 0.722373 0.036 0.0417118 0.0693333 0.00219174
0 0.62026 0.172 0.0693391 0.072 0.00223668
0 0.558776 0.183333 0.0124594 0.0546667 0.00224033
0 0.927952 0.0306667 0.084507 0.056 0.0023512
0 0.525731 0.128 0.0178765 0.0746667 0.00269321
0 0.982123 0.222 0.0346696 0.076 0.00283765
0 0.575027 0.02 0.0622969 0.04 0.00296521
0 0.243499 0.13 0.0373781 0.0813333 0.00298058
0 0.283315 0.0333333 0.0801734 0.0666667 0.00313722
0 0.468852 0.0626667 0.0536295 0.064 0.00347564
0 0.856446 0.12 0.178765 0.189333 0.00351777
0 0.302817 0.168667 0.0379198 0.0946667 0.00388839
0 0.310672 0.0926667 0.0265439 0.076 0.00433382
0 0.667931 0.0806667 0.0552546 0.0653333 0.00445957
0 0.560401 0.206 0.0178765 0.0946667 0.00457196
0 0.482394 0.056 0.0926327 0.106667 0.00475187
0 0.330173 0.046 0.0362947 0.0893333 0.00485347
0 0.215601 0.608 0.0368364 0.104 0.00495948
0 0.98429 0.284667 0.0270856 0.212 0.00502751
0 0.988353 0.133333 0.0232936 0.266667 0.00503286
0 0.304171 0.969333 0.10455 0.0613333 0.00533752
0 0.680661 0.068 0.0828819 0.101333 0.0111179
0 0.906826 0.143333 0.0953413 0.132 0.0149704
0 0.991062 0.302 0.0178765 0.233333 0.017088
0 0.329361 0.979333 0.0465872 0.0386667 0.0216048
0 0.464518 0.0426667 0.0644637 0.0853333 0.0230881
0 0.314735 0.058 0.0303359 0.108 0.0275019
0 0.64572 0.068 0.0758397 0.088 0.0275611
0 0.989978 0.196 0.0200433 0.136 0.0307152
0 0.989707 0.244667 0.020585 0.126667 0.141013
0 0.890845 0.174 0.0633803 0.084 0.747898
0 0.315276 0.318667 0.0574215 0.168 0.883937
0 0.432286 0.872667 0.0595883 0.254667 0.896313
0 0.611322 0.315333 0.088299 0.134667 0.926219
0 0.627302 0.909333 0.127844 0.178667 0.939085
