0 0.719122 0.984 0.06013 0.032 0.000101273
0 0.777627 0.484 0.024377 0.0346667 0.000102603
0 0.663326 0.332667 0.0265439 0.076 0.00010318
0 0.97779 0.79 0.0444204 0.257333 0.000103794
0 0.553629 0.190667 0.0130011 0.04 0.00010779
0 0.625948 0.0366667 0.0503792 0.068 0.000108533
0 0.989437 0.686667 0.0211268 0.328 0.000111585
0 0.333694 0.971333 0.0270856 0.0546667 0.000114772
0 0.649512 0.17 0.0530878 0.102667 0.000115495
0 0.898429 0.146 0.0709642 0.124 0.00011789
0 0.93987 0.579333 0.0400867 0.052 0.0001189
0 0.813922 0.0993333 0.109967 0.198667 0.000121425
0 0.686078 0.322667 0.0698808 0.138667 0.000121498
0 0.99052 0.036 0.0189599 0.072 0.000122173
0 0.874052 0.589333 0.168472 0.269333 0.000122241
0 0.71533 0.928 0.0536295 0.141333 0.000123332
0 0.809047 0.16 0.138137 0.178667 0.000123723
0 0.406013 0.713333 0.0232936 0.0933333 0.000124251
0 0.944745 0.551333 0.0476706 0.105333 0.000125951
0 0.964789 0.586667 0.0693391 0.4 0.000126434
0 0.396262 0.0493333 0.0579632 0.072 0.000126569
0 0.990249 0 0.0195016 0 0.000129147
0 0.618364 0.135333 0.0276273 0.0733333 0.000130137
0 0.0213976 0.054 0.0417118 0.1 0.000130775
0 0.251083 0.03 0.0492958 0.06 0.000130834
0 0.879198 0.555333 0.0953413 0.196 0.000132425
0 0.966414 0.904 0.0671723 0.189333 0.000137096
0 0.0387324 0.162 0.06013 0.284 0.000137167
0 0.356446 0.0926667 0.0314193 0.0706667 0.000137224
0 0.729686 0.192 0.0422535 0.08 0.00013921
0 0.664951 0.336 0.0167931 0.056 0.000140439
0 0.00595883 0.526 0.0119177 0.393333 0.000140727
0 0.0189599 0.142667 0.0379198 0.28 0.000141362
0 0.992958 0.379333 0.0140845 0.156 0.000141949
0 0.0793608 0.402 0.153304 0.588 0.000142037
0 0.753521 0.166667 0.0595883 0.149333 0.000142055
0 0.0947996 0.694667 0.180932 0.610667 0.000144052
0 0.764897 0.072 0.0812568 0.144 0.000145293
0 0.357801 0 0.0482123 0 0.000145337
0 0.498375 0.0353333 0.0270856 0.06 0.000146675
0 0.026273 0.773333 0.052546 0.448 0.000146973
0 0.179307 0.092 0.0390032 0.0853333 0.000149274
0 0.574485 0.004 0.06013 0.008 0.000150173
0 0.641928 0.0106667 0.0595883 0.0213333 0.00015036
0 0.653575 0.07 0.0926327 0.14 0.000151064
0 0.87351 0.950667 0.0785482 0.0986667 0.00015141
0 0.709101 0.192 0.0530878 0.08 0.000154429
0 0.825027 0.387333 0.0465872 0.124 0.00015446
0 0.563651 0.0553333 0.0135428 0.0466667 0.000157009
0 0.968852 0.0466667 0.0622969 0.0933333 0.000164707
0 0.212893 0 0.092091 0 0.000166399
0 0.945016 0 0.107801 0 0.000168349
0 0.958288 0.384667 0.0834236 0.574667 0.00016959
0 0.332611 0.08 0.0693391 0.112 0.000170648
0 0.00487541 0.418667 0.00975081 0.346667 0.00017271
0 0.982665 0.69 0.0346696 0.516 0.000173109
0 0.183911 0.0613333 0.0763814 0.122667 0.000173453
0 0.00514626 0.118 0.0102925 0.225333 0.000177987
0 0.944745 0.108667 0.0487541 0.108 0.000178905
0 0.931473 0.727333 0.133803 0.308 0.00018198
0 0.00622969 0.662 0.0124594 0.422667 0.000198807
0 0.716414 0.00133333 0.100217 0.00266667 0.000203732
0 0.692037 0.04 0.0471289 0.08 0.000204005
0 0.973185 0.416667 0.0536295 0.281333 0.000204305
0 0.946912 0.472667 0.106176 0.329333 0.000206207
0 0.835049 0.361333 0.0644637 0.197333 0.000207572
0 0.886241 0.062 0.124594 0.124 0.000208387
0 0.0197725 0.916 0.039545 0.168 0.000209302
0 0.988082 0.829333 0.0238353 0.258667 0.000212054
0 0.926598 0.166667 0.122969 0.272 0.00021632
0 0.0381907 0.667333 0.067714 0.177333 0.000219005
0 0.746479 0.121333 0.0617551 0.106667 0.00022651
0 0.0105634 0.27 0.0211268 0.518667 0.00022845
0 0.991333 0.108667 0.0173348 0.118667 0.000230873
0 0.690141 0.4 0.0617551 0.205333 0.00023629
0 0.677411 0 0.0655471 0 0.000240654
0 0.0387324 0.62 0.06013 0.125333 0.000244104
0 0.979957 0.874667 0.0400867 0.213333 0.000246471
0 0.259209 0.00866667 0.0471289 0.0173333 0.000247761
0 0.551463 0 0.092091 0 0.000257391
0 0.943391 0.0646667 0.109967 0.129333 0.000264682
0 0.725623 0.649333 0.0287107 0.064 0.000265568
0 0.938516 0.919333 0.1013 0.161333 0.000267885
0 0.407909 0.282 0.0140845 0.0466667 0.000269379
0 0.980769 0.135333 0.0373781 0.108 0.000279273
0 0.680932 0.2 0.0487541 0.101333 0.000285861
0 0.655471 0.000666667 0.0628386 0.00133333 0.000289307
0 0.619447 0 0.0633803 0 0.000301244
0 0.900867 0.662 0.0747562 0.182667 0.000306546
0 0.642199 0.0313333 0.0633803 0.0626667 0.000312569
0 0.77546 0.190667 0.102384 0.210667 0.000317215
0 0.85455 0.0446667 0.052546 0.0866667 0.000319779
0 0.691224 0.18 0.0487541 0.088 0.000320422
0 0.591278 0.000666667 0.0698808 0.00133333 0.000322139
0 0.662243 0.209333 0.052546 0.0853333 0.000329563
0 0.988353 0.908667 0.0232936 0.172 0.000335401
0 0.982936 0.455333 0.0341278 0.225333 0.000353114
0 0.985915 0.575333 0.028169 0.353333 0.000354382
0 0.519502 0 0.0801734 0 0.000354996
0 0.268418 0.220667 0.0330444 0.0386667 0.000378019
0 0.353738 0.0746667 0.0238353 0.0533333 0.000382552
0 0.972373 0.0613333 0.0530878 0.117333 0.000391208
0 0.247291 0 0.06013 0 0.000396471
0 0.887053 0.686 0.0460455 0.150667 0.000411784
0 0.41441 0.012 0.0758397 0.024 0.000421502
0 0.737812 0.0873333 0.0942579 0.153333 0.000423048
0 0.343174 0 0.052546 0 0.000429107
0 0.0528169 0.207333 0.0503792 0.198667 0.000431832
0 0.91766 0.312667 0.16468 0.566667 0.000444591
0 0.989978 0.386667 0.0200433 0.32 0.000445772
0 0.475081 0.0293333 0.0660888 0.0586667 0.000457373
0 0.678223 0.277333 0.0790899 0.165333 0.000462764
0 0.147887 0.491333 0.0769231 0.126667 0.000468496
0 0.269502 0.0293333 0.0460455 0.0586667 0.000471572
0 0.377573 0.00266667 0.0422535 0.00533333 0.000475061
0 0.507313 0.034 0.0113759 0.052 0.00047937
0 0.275731 0 0.0585049 0 0.00050218
0 0.0173348 0.57 0.0346696 0.846667 0.000537618
0 0.78494 0.124 0.0671723 0.146667 0.000538743
0 0.990249 0.506667 0.0195016 0.208 0.000547251
0 0.300108 0.00333333 0.0530878 0.00666667 0.000548775
0 0.976706 0.275333 0.0465872 0.404 0.000563056
0 0.683099 0.164 0.0346696 0.0746667 0.000578554
0 0.741874 0.241333 0.157638 0.344 0.000598158
0 0.985374 0.202 0.0292524 0.169333 0.000602382
0 0.837486 0.204667 0.307692 0.406667 0.000606282
0 0.347508 0.046 0.0265439 0.0653333 0.000609911
0 0.711809 0.0886667 0.0238353 0.0546667 0.00061534
0 0.988624 0.268 0.0227519 0.346667 0.000623907
0 0.286024 0.018 0.0650054 0.036 0.000624116
0 0.977248 0.171333 0.0455038 0.206667 0.000626598
0 0.70883 0.110667 0.0557963 0.109333 0.000635671
0 0.00514626 0.288667 0.0102925 0.385333 0.000636313
0 0.477248 0.008 0.071506 0.016 0.000656136
0 0.859967 0.568667 0.0384615 0.0546667 0.000661307
0 0.692579 0.129333 0.052546 0.130667 0.000680757
0 0.706934 0.950667 0.0455038 0.096 0.000693456
0 0.690141 0.456667 0.0260022 0.084 0.000742187
0 0.319881 0 0.0666305 0 0.000744089
0 0.630823 0.0213333 0.039545 0.04 0.000749294
0 0.366468 0.026 0.0471289 0.052 0.000756964
0 0.487811 0.000666667 0.0937161 0.00133333 0.000812013
0 0.294962 0.0446667 0.0568797 0.0786667 0.000821657
0 0.931744 0.588667 0.135428 0.38 0.000839385
0 0.463164 0 0.0520043 0 0.00087401
0 0.334507 0.052 0.0492958 0.0746667 0.000903276
0 0.0121885 0.854667 0.024377 0.290667 0.00103196
0 0.313109 0.0473333 0.056338 0.076 0.00103213
0 0.85428 0.113333 0.210184 0.224 0.00105836
0 0.699892 0.232 0.0834236 0.12 0.00108772
0 0.988895 0.169333 0.0222102 0.106667 0.00109144
0 0.957205 0.152667 0.0693391 0.228 0.00130554
0 0.719122 0.0933333 0.0417118 0.0826667 0.00138415
0 0.96208 0.216667 0.0758397 0.42 0.00156681
0 0.696371 0.0946667 0.0406284 0.088 0.00159177
0 0.375406 0.0166667 0.0335861 0.0333333 0.00159874
0 0.796045 0.170667 0.198808 0.28 0.00171113
0 0.653846 0.228 0.0346696 0.0586667 0.00186023
0 0.464789 0.0193333 0.0455038 0.0386667 0.00195539
0 0.669014 0.245333 0.063922 0.106667 0.00209155
0 0.40493 0.006 0.0547129 0.012 0.00210634
0 0.777356 0.138667 0.0509209 0.0933333 0.00236398
0 0.959642 0.503333 0.0796316 0.188 0.00242598
0 0.95558 0.127333 0.0509209 0.118667 0.00249915
0 0.0121885 0.691333 0.024377 0.617333 0.00251928
0 0.761918 0.138 0.0341278 0.084 0.00261807
0 0.413868 0.022 0.0595883 0.044 0.0028679
0 0.916576 0.105333 0.160347 0.210667 0.00289884
0 0.6961 0.0613333 0.0422535 0.12 0.00290743
0 0.768689 0.895333 0.0411701 0.0706667 0.00298788
0 0.703413 0.183333 0.0796316 0.126667 0.00305005
0 0.375677 0.00733333 0.0362947 0.0146667 0.00350286
0 0.447725 0.0213333 0.0124594 0.0426667 0.00365611
0 0.335049 0.028 0.0427952 0.056 0.00371487
0 0.73727 0.14 0.141928 0.2 0.00457215
0 0.402221 0.01 0.0449621 0.02 0.00710513
0 0.40818 0.008 0.0568797 0.016 0.00748312
0 0.962622 0.0926667 0.071506 0.18 0.00941494
0 0.00758397 0.79 0.0151679 0.417333 0.010558
0 0.296046 0.028 0.0449621 0.0533333 0.362903
0 0.722914 0.961333 0.0655471 0.0773333 0.783356
0 0.516251 0.246667 0.0325027 0.117333 0.848424
0 0.416847 0.1 0.0666305 0.0826667 0.901327
0 0.310943 0.400667 0.0985916 0.172 0.949429
