0 0.286295 0 0.0633803 0 0.000101923
0 0.660076 0.894667 0.0547129 0.0933333 0.000102348
0 0.137866 0 0.0698808 0 0.000102576
0 0.861051 0.179333 0.112134 0.198667 0.000103797
0 0.981311 0.438667 0.0373781 0.253333 0.000104642
0 0.585049 0.114667 0.0812568 0.096 0.000105389
0 0.614843 0.068 0.0595883 0.128 0.000105729
0 0.466956 0.00133333 0.0693391 0.00266667 0.000106445
0 0.656013 0.146 0.110509 0.134667 0.000109969
0 0.257584 0.435333 0.0417118 0.076 0.000111007
0 0.721018 0.963333 0.0985916 0.06 0.00011222
0 0.304171 0 0.0633803 0 0.000112831
0 0.880553 0.269333 0.213976 0.413333 0.000113908
0 0.0135428 0.882 0.0270856 0.236 0.000115385
0 0.866468 0.128667 0.06013 0.0786667 0.000115414
0 0.5539 0.0746667 0.0514626 0.088 0.000116698
0 0.926056 0.972 0.0980498 0.056 0.000116901
0 0.0885699 0.330667 0.0861322 0.125333 0.000117187
0 0.111322 0.214667 0.0622969 0.0986667 0.000118305
0 0.356717 0.0266667 0.0124594 0.0373333 0.000118319
0 0.822589 0.247333 0.0633803 0.129333 0.000125314
0 0.366197 0 0.0671723 0 0.000125944
0 0.476165 0.192 0.0195016 0.0506667 0.000127353
0 0.274106 0.387333 0.0520043 0.105333 0.000129917
0 0.0969664 0 0.0780065 0 0.000132477
0 0.992145 0.400667 0.0157096 0.212 0.000136916
0 0.982394 0.533333 0.0352113 0.290667 0.000137344
0 0.715872 0.934 0.0222102 0.0333333 0.000139215
0 0.978602 0.0493333 0.0406284 0.0986667 0.000139976
0 0.884074 0.146667 0.104009 0.146667 0.000140004
0 0.286836 0.156 0.0861322 0.101333 0.000140238
0 0.0124594 0.381333 0.0249187 0.690667 0.000144042
0 0.0067714 0.174667 0.0135428 0.224 0.000145765
0 0.00595883 0.09 0.0119177 0.166667 0.000145933
0 0.990791 0.156667 0.0184182 0.0706667 0.000146419
0 0.891116 0.096 0.111593 0.136 0.000147818
0 0.969393 0.302667 0.0612134 0.258667 0.000149033
0 0.465872 0.444667 0.0541712 0.110667 0.000150837
0 0.622156 0 0.1013 0 0.00015116
0 0.359155 0.0453333 0.0130011 0.0586667 0.000156496
0 0.36078 0.058 0.0130011 0.052 0.000158117
0 0.249729 0.413333 0.0660888 0.0906667 0.000159939
0 0.992416 0.574667 0.0151679 0.261333 0.000163687
0 0.981582 0.346667 0.0368364 0.202667 0.000164787
0 0.783315 0.199333 0.0411701 0.0413333 0.000166058
0 0.633803 0.068 0.0498375 0.112 0.000166493
0 0.934453 0.678 0.0855905 0.102667 0.000167767
0 0.0116468 0.107333 0.0232936 0.206667 0.000169518
0 0.583424 0.232667 0.0704225 0.105333 0.00017196
0 0.206663 0.24 0.0427952 0.0933333 0.000172027
0 0.723456 0.0766667 0.0709642 0.134667 0.000173969
0 0.276544 0.106667 0.0514626 0.08 0.000175559
0 0.918743 0 0.124594 0 0.000177877
0 0.0227519 0.810667 0.0455038 0.365333 0.000184384
0 0.572589 0.150667 0.0541712 0.0746667 0.000185851
0 0.715601 0.398 0.056338 0.092 0.000188787
0 0.422264 0.337333 0.0135428 0.0426667 0.000189491
0 0.918472 0.929333 0.122969 0.138667 0.000190398
0 0.213434 0.262667 0.0270856 0.109333 0.000192621
0 0.687703 0.11 0.0406284 0.0866667 0.00019397
0 0.64572 0.165333 0.0411701 0.08 0.000194494
0 0.529523 0.179333 0.0622969 0.084 0.000196501
0 0.568527 0.0693333 0.031961 0.104 0.000196838
0 0.846966 0.15 0.039545 0.0733333 0.000199035
0 0.931473 0.014 0.131636 0.028 0.000201073
0 0.502709 0.000666667 0.0682557 0.00133333 0.000202469
0 0.947725 0.652667 0.10455 0.177333 0.000208643
0 0.746208 0.964 0.0438787 0.064 0.000211273
0 0.837486 0.143333 0.0314193 0.0466667 0.000215561
0 0.928765 0.164 0.0655471 0.101333 0.000215933
0 0.589653 0 0.0915493 0 0.000219638
0 0.375406 0 0.0985916 0 0.00022374
0 0.918472 0.2 0.152221 0.269333 0.00022563
0 0.77519 0.316 0.099675 0.210667 0.000225841
0 0.751625 0.405333 0.0514626 0.0773333 0.000229349
0 0.283044 0.0866667 0.0124594 0.056 0.000233085
0 0.537649 0.002 0.0763814 0.004 0.000237982
0 0.410888 0.058 0.0113759 0.0573333 0.000242864
0 0.559317 0 0.0622969 0 0.000247451
0 0.983207 0.00333333 0.0325027 0.00666667 0.000251221
0 0.502979 0.242 0.0709642 0.1 0.000252338
0 0.709101 0.428667 0.0595883 0.0813333 0.000253477
0 0.729144 0.978 0.0758397 0.0386667 0.000255861
0 0.0560672 0.000666667 0.112134 0.00133333 0.000260872
0 0.801733 0.283333 0.0314193 0.068 0.000264916
0 0.466685 0.182667 0.039545 0.0746667 0.000266057
0 0.952871 0.0793333 0.0910076 0.158667 0.000267186
0 0.807151 0.31 0.0660888 0.164 0.000270392
0 0.27844 0.420667 0.0660888 0.1 0.000278358
0 0.635428 0.207333 0.0368364 0.0706667 0.00027859
0 0.250271 0.152667 0.0216685 0.0733333 0.00027892
0 0.910076 0.151333 0.0650054 0.118667 0.000294343
0 0.981853 0.27 0.0362947 0.198667 0.000297964
0 0.83559 0.208667 0.06013 0.132 0.00029818
0 0.83234 0.204667 0.194475 0.361333 0.000300377
0 0.618364 0.206 0.0557963 0.0706667 0.000308112
0 0.293608 0.796667 0.0617551 0.084 0.00030818
0 0.792795 0.160667 0.067714 0.110667 0.00031164
0 0.957476 0 0.0828819 0 0.000323499
0 0.640033 0.112667 0.0449621 0.0706667 0.000328439
0 0.992958 0.31 0.0140845 0.158667 0.000333234
0 0.992145 0.0246667 0.0157096 0.0493333 0.000337791
0 0.51896 0.092 0.0346696 0.0613333 0.000343304
0 0.274919 0.00266667 0.0612134 0.00533333 0.000362523
0 0.342904 0 0.0747562 0 0.000378208
0 0.59805 0.094 0.0725894 0.0813333 0.00038704
0 0.96506 0.147333 0.0427952 0.076 0.000395879
0 0.963705 0.218667 0.0693391 0.234667 0.000401404
0 0.733478 0.424667 0.0390032 0.0893333 0.000404116
0 0.542524 0.0706667 0.0698808 0.133333 0.000416451
0 0.991062 0 0.0178765 0 0.000424475
0 0.521668 0.046 0.0303359 0.0626667 0.000425645
0 0.5948 0.165333 0.0953413 0.128 0.000442688
0 0.952058 0.168 0.0785482 0.104 0.000451213
0 0.823402 0.660667 0.0184182 0.0413333 0.00046254
0 0.856176 0.125333 0.0460455 0.0533333 0.000470038
0 0.213976 0.24 0.0184182 0.064 0.000475584
0 0.577465 0.09 0.0260022 0.068 0.000498551
0 0.00704225 0.828667 0.0140845 0.34 0.000530391
0 0.988353 0.228667 0.0232936 0.193333 0.000530988
0 0.903846 0.124667 0.0547129 0.092 0.000545365
0 0.74052 0.066 0.0476706 0.129333 0.000586168
0 0.961538 0.144667 0.020585 0.0413333 0.000609192
0 0.744041 0.107333 0.0308776 0.0653333 0.000621604
0 0.680932 0.158667 0.0422535 0.072 0.000624879
0 0.978602 0.152667 0.0427952 0.092 0.000657922
0 0.0146262 0.616 0.0292524 0.768 0.00070603
0 0.621073 0.141333 0.0438787 0.109333 0.000748672
0 0.985915 0.0673333 0.028169 0.134667 0.000763695
0 0.692849 0.966 0.0195016 0.028 0.000811931
0 0.259751 0.442667 0.0579632 0.112 0.000849478
0 0.516793 0.0613333 0.0140845 0.0373333 0.000863756
0 0.605363 0.216 0.0828819 0.106667 0.000873185
0 0.982394 0.109333 0.0352113 0.173333 0.000880204
0 0.719122 0.371333 0.0471289 0.0706667 0.000921598
0 0.617551 0.0973333 0.0400867 0.08 0.00094723
0 0.548754 0.102 0.0476706 0.0786667 0.000950158
0 0.0121885 0.773333 0.024377 0.453333 0.000983458
0 0.475352 0.204 0.0438787 0.0746667 0.00100727
0 0.464518 0.0713333 0.0124594 0.0546667 0.00105077
0 0.831257 0.172 0.0568797 0.0906667 0.00105693
0 0.950975 0.153333 0.0980498 0.186667 0.00107257
0 0.973456 0.192 0.0530878 0.141333 0.00110792
0 0.989166 0.192 0.0216685 0.101333 0.00113848
0 0.99377 0.222667 0.0124594 0.146667 0.00117359
0 0.242958 0.183333 0.0557963 0.1 0.00123791
0 0.734561 0.0986667 0.0411701 0.0773333 0.00132027
0 0.78467 0.182667 0.0492958 0.0666667 0.00132796
0 0.909534 0.958 0.0801734 0.084 0.00134586
0 0.874323 0.170667 0.190683 0.253333 0.00137402
0 0.919014 0.140667 0.0330444 0.0493333 0.00147219
0 0.270585 0.141333 0.0698808 0.0906667 0.00169805
0 0.21831 0.235333 0.028169 0.0866667 0.00209994
0 0.761647 0.384 0.0606717 0.0853333 0.00221673
0 0.795504 0.270667 0.133803 0.288 0.00233227
0 0.992145 0.109333 0.0157096 0.178667 0.00236136
0 0.747562 0.983333 0.0400867 0.028 0.00309678
0 0.995395 0.182667 0.0092091 0.0773333 0.00361462
0 0.571506 0.088 0.0151679 0.056 0.00388211
0 0.825027 0.194 0.092091 0.188 0.0039415
0 0.913326 0.0973333 0.163597 0.192 0.00397016
0 0.391928 0.157333 0.0612134 0.064 0.00570089
0 0.264897 0.419333 0.0487541 0.0706667 0.00579296
0 0.934453 0.13 0.0704225 0.0733333 0.00595167
0 0.812839 0.26 0.052546 0.0853333 0.00864535
0 0.242687 0.148 0.0422535 0.0853333 0.0151475
0 0.932015 0.11 0.0915493 0.116 0.0186988
0 0.225352 0.216 0.0346696 0.12 0.020626
0 0.627031 0.108667 0.0265439 0.0733333 0.0232168
0 0.530336 0.126 0.0617551 0.0733333 0.805578
0 0.61701 0.253333 0.071506 0.08 0.838999
0 0.277086 0.315333 0.0590466 0.14 0.919022
0 0.478602 0.48 0.0850488 0.184 0.945753
