0 0.445016 0.0426667 0.0785482 0.0853333 0.000100376
0 0.99377 0.799333 0.0124594 0.201333 0.000101481
0 0.944204 0.452667 0.108342 0.236 0.0001018
0 0.995125 0.882 0.00975081 0.182667 0.000102225
0 0.958559 0.0813333 0.0828819 0.157333 0.000102598
0 0.59805 0.0786667 0.0303359 0.04 0.000104188
0 0.47779 0.0353333 0.0346696 0.06 0.000107878
0 0.49052 0.824 0.0178765 0.114667 0.000108521
0 0.352113 0.0793333 0.0346696 0.0893333 0.000110582
0 0.91441 0.288 0.100758 0.208 0.00011142
0 0.489437 0.00933333 0.0514626 0.0186667 0.000113875
0 0.994854 0.120667 0.0102925 0.161333 0.000114644
0 0.384886 0.064 0.0644637 0.125333 0.000115307
0 0.871885 0.34 0.0308776 0.056 0.000115562
0 0.506771 0.0213333 0.0276273 0.04 0.000116659
0 0.403034 0.004 0.0509209 0.008 0.000117944
0 0.894637 0.288 0.0547129 0.149333 0.000118008
0 0.979686 0.802 0.0406284 0.308 0.000122207
0 0.887053 0.346667 0.0482123 0.0826667 0.000122635
0 0.583694 0.0773333 0.0547129 0.0773333 0.00012308
0 0.60428 0.0506667 0.031961 0.08 0.000125433
0 0.871614 0.008 0.0595883 0.016 0.000131101
0 0.438787 0.0293333 0.0390032 0.0586667 0.000132137
0 0.897075 0.973333 0.0747562 0.0533333 0.000132404
0 0.679036 0.210667 0.0200433 0.0426667 0.000132733
0 0.847779 0.0133333 0.0552546 0.0266667 0.000136618
0 0.991062 0.828667 0.0178765 0.286667 0.000139472
0 0.355092 0 0.0731311 0 0.000141143
0 0.96208 0.214667 0.0682557 0.210667 0.000142627
0 0.515168 0.00733333 0.0509209 0.0146667 0.000146424
0 0.896804 0.0466667 0.0828819 0.0933333 0.000147399
0 0.981311 0.000666667 0.0373781 0.00133333 0.00015126
0 0.894908 0.349333 0.0682557 0.130667 0.000153714
0 0.877031 0.0193333 0.0476706 0.036 0.000154689
0 0.420368 0.00533333 0.056338 0.0106667 0.000156005
0 0.994041 0.731333 0.0119177 0.182667 0.000157205
0 0.898158 0.00933333 0.063922 0.0186667 0.000158416
0 0.463976 0 0.0471289 0 0.000163451
0 0.459913 0.13 0.0660888 0.158667 0.000166165
0 0.994583 0.0693333 0.0108342 0.12 0.00016652
0 0.929577 0.120667 0.0747562 0.158667 0.000168417
0 0.623239 0.0433333 0.0568797 0.0866667 0.000169306
0 0.498917 0 0.0574215 0 0.000171804
0 0.946641 0.586667 0.0362947 0.064 0.000174774
0 0.995125 0.188 0.00975081 0.136 0.000175139
0 0.00650054 0.105333 0.0130011 0.202667 0.000178777
0 0.967768 0.0266667 0.06013 0.0506667 0.000179272
0 0.675515 0.0346667 0.056338 0.0693333 0.000181343
0 0.94935 0.01 0.0666305 0.02 0.000181447
0 0.977248 0.698667 0.0455038 0.28 0.000182067
0 0.383532 0 0.0617551 0 0.000182807
0 0.994854 0.263333 0.0102925 0.124 0.000189498
0 0.830444 0.0246667 0.0574215 0.0493333 0.000191344
0 0.96831 0.052 0.0633803 0.101333 0.000199408
0 0.588028 0.038 0.0482123 0.076 0.000202233
0 0.992416 0.324 0.0151679 0.12 0.000203334
0 0.479144 0 0.0417118 0 0.000205124
0 0.989707 0.729333 0.020585 0.28 0.000211569
0 0.947996 0.208 0.056338 0.0986667 0.000218227
0 0.640033 0.032 0.052546 0.0613333 0.000218318
0 0.978602 0.328667 0.0427952 0.156 0.000223311
0 0.742145 0.006 0.0541712 0.012 0.000224805
0 0.991062 0 0.0178765 0 0.000228669
0 0.953413 0.733333 0.0899242 0.362667 0.000229399
0 0.919014 0.244 0.0666305 0.125333 0.000249447
0 0.367551 0.0806667 0.0547129 0.1 0.000258497
0 0.995395 0.306 0.0092091 0.116 0.000264588
0 0.0116468 0.132 0.0232936 0.258667 0.000273639
0 0.92714 0.208 0.0644637 0.109333 0.000281814
0 0.982936 0.122667 0.0341278 0.218667 0.000284538
0 0.994583 0.671333 0.0108342 0.174667 0.000293373
0 0.549567 0.0233333 0.031961 0.0466667 0.000296222
0 0.994583 0.602667 0.0108342 0.168 0.000298887
0 0.410618 0 0.0574215 0 0.000301451
0 0.994583 0.362 0.0108342 0.174667 0.000308062
0 0.946912 0.554 0.0660888 0.102667 0.000312113
0 0.453684 0.0233333 0.0622969 0.0466667 0.000314726
0 0.649242 0.018 0.0568797 0.0333333 0.00031501
0 0.828277 0.788 0.0260022 0.04 0.000320648
0 0.53169 0.00533333 0.052546 0.0106667 0.000320932
0 0.934724 0.242667 0.088299 0.168 0.000326429
0 0.976706 0.278 0.0465872 0.161333 0.00032985
0 0.991333 0.156 0.0173348 0.224 0.000337404
0 0.440683 0 0.0622969 0 0.000341999
0 0.926598 0.000666667 0.0839653 0.00133333 0.000342289
0 0.990791 0.290667 0.0184182 0.109333 0.000344801
0 0.991603 0.219333 0.0167931 0.150667 0.000352024
0 0.986728 0.424667 0.0265439 0.188 0.000355638
0 0.97481 0.168667 0.0503792 0.214667 0.000355825
0 0.954767 0.348 0.0384615 0.0986667 0.000358649
0 0.688787 0.00466667 0.052546 0.00933333 0.000372354
0 0.991333 0.644 0.0173348 0.208 0.00037448
0 0.842362 0 0.0606717 0 0.000384206
0 0.308505 0.260667 0.0482123 0.0813333 0.000422674
0 0.923077 0.964 0.124594 0.072 0.000428293
0 0.723998 0 0.0557963 0 0.000438435
0 0.988353 0.0706667 0.0232936 0.125333 0.000441606
0 0.983207 0.604 0.0335861 0.146667 0.0004501
0 0.970206 0.440667 0.0595883 0.233333 0.00046274
0 0.686349 0.000666667 0.0693391 0.00133333 0.000462863
0 0.590466 0.00866667 0.0530878 0.0173333 0.000464208
0 0.951517 0.534667 0.0947996 0.216 0.000464297
0 0.701788 0.0173333 0.0471289 0.032 0.000465628
0 0.9461 0.136 0.106717 0.264 0.000465792
0 0.985645 0.257333 0.0287107 0.141333 0.000466282
0 0.875948 0 0.0823402 0 0.000498309
0 0.546587 0.00733333 0.0530878 0.0146667 0.000501752
0 0.528711 0 0.0552546 0 0.000513401
0 0.874865 0.97 0.0400867 0.0546667 0.000542323
0 0.993499 0.555333 0.0130011 0.188 0.000557175
0 0.954767 0.000666667 0.0861322 0.00133333 0.000571063
0 0.755959 0 0.0492958 0 0.000591528
0 0.684182 0.206 0.0130011 0.036 0.000634469
0 0.988624 0.563333 0.0227519 0.145333 0.000640906
0 0.990249 0.474667 0.0195016 0.136 0.000645801
0 0.949079 0.02 0.0617551 0.04 0.000660299
0 0.556067 0.01 0.0503792 0.02 0.000670294
0 0.980498 0.480667 0.0390032 0.166667 0.000677886
0 0.601842 0.0166667 0.0530878 0.0333333 0.00068298
0 0.935807 0.602 0.122969 0.244 0.000688326
0 0.719935 0.018 0.0422535 0.0333333 0.000691131
0 0.966143 0.602667 0.067714 0.184 0.000693896
0 0.601842 0.006 0.056338 0.012 0.000721512
0 0.581798 0.0186667 0.0346696 0.0373333 0.000731797
0 0.762188 0.0333333 0.0574215 0.0613333 0.000738416
0 0.598862 0.000666667 0.0633803 0.00133333 0.000759854
0 0.899512 0.026 0.0698808 0.0493333 0.000778043
0 0.994312 0.458667 0.0113759 0.144 0.000779992
0 0.979686 0.532667 0.0406284 0.134667 0.000824837
0 0.551192 0 0.0633803 0 0.000848381
0 0.774648 0 0.0476706 0 0.000867917
0 0.964247 0.597333 0.0552546 0.106667 0.000916953
0 0.968581 0.507333 0.0628386 0.164 0.000936806
0 0.736186 0.826667 0.0173348 0.0506667 0.00095718
0 0.985103 0.197333 0.0297941 0.189333 0.000997521
0 0.565005 0.0253333 0.0379198 0.0506667 0.00103993
0 0.957747 0.585333 0.0390032 0.072 0.00110885
0 0.934182 0.0646667 0.0850488 0.124 0.00111013
0 0.987541 0.507333 0.0249187 0.116 0.00115225
0 0.797671 0 0.0742145 0 0.00122391
0 0.945829 0.172667 0.0660888 0.166667 0.00125007
0 0.789003 0.0346667 0.0947996 0.064 0.00150793
0 0.994583 0.512 0.0108342 0.114667 0.00175638
0 0.831257 0.964 0.131636 0.0693333 0.00217732
0 0.960184 0.229333 0.0449621 0.125333 0.00217746
0 0.652492 0.0406667 0.0622969 0.0813333 0.00226407
0 0.917931 0.0293333 0.0449621 0.0586667 0.00277119
0 0.648971 0.00133333 0.0606717 0.00266667 0.00295492
0 0.809047 0.962 0.0687974 0.06 0.00319109
0 0.45883 0.0673333 0.0595883 0.134667 0.00393787
0 0.648971 0.00333333 0.0574215 0.00666667 0.00664311
0 0.462622 0.0333333 0.0487541 0.0613333 0.00895508
0 0.779252 0.0226667 0.0687974 0.0426667 0.0123021
0 0.914951 0.0693333 0.0520043 0.106667 0.0273665
0 0.761105 0.02 0.0411701 0.0373333 0.0281213
0 0.804984 0.0253333 0.0693391 0.048 0.763663
0 0.567985 0.106667 0.06013 0.072 0.854348
0 0.415493 0.328667 0.0487541 0.18 0.887309
0 0.560672 0.216667 0.0368364 0.118667 0.898232
0 0.760834 0.299333 0.0492958 0.150667 0.918211
