0 0.783044 0.092 0.0308776 0.064 0.000102201
0 0.676056 0.0873333 0.0433369 0.1 0.000102421
0 0.554984 0.232 0.0384615 0.088 0.000103685
0 0.659805 0.264 0.0108342 0.04 0.000103886
0 0.963705 0.587333 0.0660888 0.0893333 0.000103963
0 0.547129 0.134 0.0455038 0.0813333 0.000103971
0 0.794691 0.3 0.0509209 0.0986667 0.000104371
0 0.982394 0.002 0.0352113 0.004 0.000104678
0 0.315005 0.642 0.0352113 0.124 0.000104752
0 0.713434 0.786 0.0411701 0.0866667 0.000106347
0 0.81338 0.0726667 0.0449621 0.0813333 0.000106424
0 0.916576 0.0746667 0.0530878 0.0853333 0.000107299
0 0.351029 0.897333 0.0888407 0.157333 0.000107437
0 0.794691 0.0206667 0.0422535 0.0413333 0.000107955
0 0.965872 0.789333 0.0552546 0.16 0.000108058
0 0.652492 0.986667 0.0514626 0.0266667 0.000109192
0 0.985374 0.0413333 0.0292524 0.0826667 0.000110506
0 0.906826 0.259333 0.0812568 0.148 0.000110587
0 0.620531 0.0846667 0.0276273 0.0653333 0.000113107
0 0.767335 0 0.0536295 0 0.000113212
0 0.911701 0.186 0.071506 0.164 0.000116482
0 0.865385 0.103333 0.0557963 0.156 0.000117251
0 0.729686 0.0826667 0.0325027 0.072 0.000117571
0 0.596425 0 0.0520043 0 0.000117847
0 0.832882 0.0406667 0.0774648 0.0813333 0.000118739
0 0.914139 0.104667 0.0417118 0.0786667 0.000120989
0 0.928765 0.107333 0.0687974 0.121333 0.000121536
0 0.416847 0.701333 0.0232936 0.048 0.000123239
0 0.570964 0.082 0.0509209 0.118667 0.000124502
0 0.60753 0.318 0.0590466 0.068 0.000128066
0 0.735915 0.044 0.0492958 0.088 0.000128872
0 0.828548 0.665333 0.0406284 0.072 0.000129914
0 0.572319 0.388 0.0471289 0.0853333 0.000130915
0 0.90195 0.0653333 0.0400867 0.106667 0.000131018
0 0.00812568 0.886 0.0162514 0.228 0.000131706
0 0.546587 0.176 0.0444204 0.064 0.000133601
0 0.993229 0.664 0.0135428 0.157333 0.000136576
0 0.750271 0 0.0520043 0 0.000137421
0 0.411972 0.695333 0.0146262 0.0306667 0.000140553
0 0.748375 0.00533333 0.0341278 0.0106667 0.000140993
0 0.516522 0.568 0.0449621 0.130667 0.000141898
0 0.605634 0.00466667 0.0379198 0.00933333 0.000142867
0 0.553088 0.278667 0.0671723 0.12 0.000143739
0 0.722644 0.168 0.0335861 0.0613333 0.000144686
0 0.0148971 0.846667 0.0297941 0.306667 0.000145393
0 0.989707 1 0.020585 0 0.000147908
0 0.863489 0.004 0.0411701 0.008 0.000148869
0 0.606176 0.202 0.0335861 0.0706667 0.000149602
0 0.608613 0.274 0.0568797 0.124 0.000151059
0 0.927681 0.238667 0.0449621 0.146667 0.000152402
0 0.953142 0.746 0.0276273 0.044 0.000152939
0 0.802546 0.0893333 0.0373781 0.0666667 0.000153315
0 0.0127302 0.238667 0.0254605 0.477333 0.000154192
0 0.879469 0.12 0.0297941 0.0853333 0.000157993
0 0.791983 0.358667 0.0476706 0.104 0.000158647
0 0.598592 0.285333 0.035753 0.0826667 0.000161132
0 0.553629 0.425333 0.0736728 0.125333 0.000161198
0 0.912784 0.532667 0.0335861 0.0573333 0.000162147
0 0.935265 0.144 0.0330444 0.0613333 0.000164021
0 0.971289 0.138 0.0574215 0.150667 0.000164728
0 0.714518 0.000666667 0.0530878 0.00133333 0.000168199
0 0.116197 0.785333 0.0189599 0.112 0.000168715
0 0.39545 0.706667 0.0346696 0.0773333 0.000168898
0 0.466143 0.125333 0.031961 0.048 0.00016892
0 0.984561 0.338 0.0308776 0.076 0.00017303
0 0.675244 0.0626667 0.0276273 0.072 0.000174052
0 0.660618 0.958667 0.0828819 0.0773333 0.000174446
0 0.371343 0.880667 0.0460455 0.118667 0.000175472
0 0.630282 0.0786667 0.0287107 0.0666667 0.000176236
0 0.918743 0.501333 0.0552546 0.0826667 0.000177599
0 0.572319 0.123333 0.0417118 0.092 0.000180162
0 0.710184 0.0426667 0.0400867 0.0746667 0.00018049
0 0.593987 0.765333 0.0092091 0.0266667 0.000182063
0 0.718581 0.108667 0.0460455 0.14 0.000183035
0 0.68364 0.382667 0.00975081 0.0266667 0.000184623
0 0.55065 0.209333 0.0352113 0.0773333 0.000190046
0 0.832069 0.0793333 0.0650054 0.0946667 0.000192329
0 0.767335 0.018 0.0449621 0.036 0.000193913
0 0.457746 0.300667 0.0335861 0.0493333 0.000194004
0 0.55065 0.396667 0.0352113 0.076 0.00019482
0 0.986728 0.875333 0.0265439 0.084 0.000201189
0 0.645991 0.338 0.0124594 0.0306667 0.000208208
0 0.684724 0.976 0.0985916 0.048 0.000210453
0 0.684724 0.002 0.0379198 0.004 0.000213658
0 0.74675 0.231333 0.0167931 0.044 0.000217444
0 0.953413 0.160667 0.0260022 0.0733333 0.000219715
0 0.471831 0.266 0.0216685 0.068 0.000221437
0 0.707476 0.0926667 0.0390032 0.108 0.000223005
0 0.611593 0 0.0498375 0 0.000223543
0 0.960997 0.747333 0.0411701 0.0626667 0.000233439
0 0.929577 0.669333 0.0801734 0.178667 0.000251508
0 0.991603 0.00133333 0.0167931 0.00266667 0.000254524
0 0.96208 0.156667 0.0433369 0.0973333 0.000258355
0 0.576923 0.346667 0.035753 0.0586667 0.000262851
0 0.992958 0.857333 0.0140845 0.133333 0.000263508
0 0.778169 0.31 0.0167931 0.044 0.000274858
0 0.806609 0.0993333 0.0866739 0.1 0.000276618
0 0.901138 0.604667 0.0937161 0.193333 0.000293679
0 0.491874 0.437333 0.0725894 0.104 0.000296272
0 0.745666 0.234667 0.0102925 0.0346667 0.000315013
0 0.99052 0.928667 0.0189599 0.124 0.000321975
0 0.727248 0 0.0579632 0 0.000324953
0 0.887595 0.111333 0.0406284 0.118667 0.000340198
0 0.815547 0.374667 0.0590466 0.088 0.000375148
0 0.568527 0.344667 0.0352113 0.076 0.000379626
0 0.738082 0.068 0.0362947 0.072 0.000427549
0 0.923348 0.136667 0.0568797 0.1 0.000451695
0 0.62649 0.00466667 0.0460455 0.00933333 0.000486641
0 0.943662 0.544667 0.0682557 0.126667 0.000493606
0 0.8513 0.02 0.0568797 0.04 0.000505282
0 0.74675 0.0166667 0.0297941 0.0333333 0.000512822
0 0.218039 0.429333 0.039545 0.136 0.000534603
0 0.665493 0.0566667 0.0352113 0.0733333 0.000539638
0 0.817985 0.389333 0.0411701 0.0666667 0.000555292
0 0.638407 0.03 0.0373781 0.0493333 0.000576339
0 0.882719 0.0653333 0.0352113 0.114667 0.000595836
0 0.384345 0.644 0.0547129 0.125333 0.000610938
0 0.863759 0.0153333 0.0449621 0.0306667 0.000626856
0 0.69935 0.000666667 0.0671723 0.00133333 0.000631047
0 0.871073 0.0726667 0.0390032 0.105333 0.000665346
0 0.935807 0.538667 0.0330444 0.0666667 0.00066932
0 0.653034 0.00266667 0.0362947 0.00533333 0.000670667
0 0.553088 0.180667 0.0314193 0.036 0.000686132
0 0.561213 0.413333 0.0314193 0.0986667 0.000686891
0 0.553629 0.151333 0.0390032 0.0733333 0.000687852
0 0.654117 0.000666667 0.0547129 0.00133333 0.000736349
0 0.929307 0.162 0.039545 0.092 0.000747502
0 0.689057 0.116 0.0335861 0.0933333 0.00076037
0 0.833424 0.116 0.125135 0.197333 0.000792306
0 0.918202 0.612 0.0595883 0.064 0.000828543
0 0.755688 0.0153333 0.0314193 0.0306667 0.000828735
0 0.6552 0.034 0.039545 0.0653333 0.00083558
0 0.567443 0.214667 0.0406284 0.056 0.000878878
0 0.585861 0.197333 0.0460455 0.0746667 0.000887755
0 0.606176 0.237333 0.0335861 0.0853333 0.000900776
0 0.637053 0.006 0.0400867 0.012 0.000936525
0 0.634615 0.000666667 0.0514626 0.00133333 0.000939469
0 0.929307 0.192 0.0341278 0.072 0.000994783
0 0.643824 0.00866667 0.031961 0.0173333 0.00099901
0 0.863489 0.0526667 0.0368364 0.0973333 0.00105951
0 0.0167931 0.562667 0.0335861 0.874667 0.00112615
0 0.00704225 0.783333 0.0140845 0.430667 0.00117295
0 0.907638 0.123333 0.0785482 0.132 0.00120203
0 0.895991 0.098 0.0541712 0.0733333 0.00122886
0 0.591278 0.276667 0.0449621 0.124 0.00131056
0 0.956121 0.595333 0.0801734 0.161333 0.00141526
0 0.814464 0.088 0.0341278 0.056 0.0014921
0 0.617281 0.218 0.0406284 0.0573333 0.00152639
0 0.556067 0.118667 0.0330444 0.0906667 0.0016615
0 0.657909 0.0153333 0.0330444 0.0306667 0.00191373
0 0.679036 0.0433333 0.0189599 0.052 0.00210045
0 0.72156 0.145333 0.0270856 0.0773333 0.00211601
0 0.671723 0.048 0.0151679 0.048 0.00216395
0 0.919556 0.595333 0.0666305 0.121333 0.00230458
0 0.0113759 0.726 0.0227519 0.542667 0.00244003
0 0.50325 0.408667 0.0585049 0.0893333 0.00246555
0 0.666035 0.0393333 0.0287107 0.068 0.00247695
0 0.527898 0.612667 0.0330444 0.113333 0.00264834
0 0.880823 0.0973333 0.0270856 0.0586667 0.00278479
0 0.839653 0.0226667 0.0736728 0.0453333 0.00281144
0 0.687161 0.0753333 0.0308776 0.0973333 0.00287545
0 0.563651 0.367333 0.024377 0.052 0.00309694
0 0.687703 0.044 0.0341278 0.088 0.00311999
0 0.865926 0.022 0.0406284 0.0413333 0.00374353
0 0.644366 0.0146667 0.024377 0.0266667 0.00377811
0 0.6961 0.106 0.0260022 0.0653333 0.0041448
0 0.559859 0.381333 0.0167931 0.0346667 0.00439996
0 0.991333 0.89 0.0173348 0.0466667 0.00463258
0 0.723456 0.04 0.0341278 0.0746667 0.00483542
0 0.945016 0.572667 0.0449621 0.076 0.00636074
0 0.705309 0.146667 0.0400867 0.0826667 0.00692679
0 0.557963 0.396667 0.0216685 0.0626667 0.00730731
0 0.907638 0.086 0.0287107 0.06 0.00937545
0 0.80065 0.386667 0.0379198 0.0666667 0.0185806
0 0.711268 0.0586667 0.0585049 0.117333 0.0249947
0 0.689599 0.094 0.0227519 0.0706667 0.0345451
0 0.534128 0.402667 0.0628386 0.0933333 0.0379518
0 0.718852 0.155333 0.0184182 0.0546667 0.0542953
0 0.852384 0.022 0.039545 0.0413333 0.0820794
0 0.568527 0.970667 0.0352113 0.056 0.132574
0 0.660076 0.978667 0.0785482 0.0426667 0.219086
0 0.602654 0.220667 0.0276273 0.0546667 0.763248
0 0.589653 0.316667 0.0417118 0.052 0.831291
0 0.923077 0.540667 0.0660888 0.142667 0.839501
0 0.705038 0.233333 0.0341278 0.088 0.864468
0 0.687974 0.75 0.0346696 0.158667 0.916184
0 0.870531 0.744667 0.071506 0.145333 0.939648
