0 0.586945 0.104667 0.119718 0.204 0.000100841
0 0.214247 0.872667 0.10455 0.22 0.000102723
0 0.828007 0.632 0.0612134 0.0613333 0.000104103
0 0.981582 0.735333 0.0368364 0.164 0.000107885
0 0.994854 0.405333 0.0102925 0.296 0.000108
0 0.978332 0.212667 0.0433369 0.249333 0.000108386
0 0.438516 0.378 0.0232936 0.044 0.000108719
0 0.858072 0.104667 0.267606 0.198667 0.000110002
0 0.643554 0.408667 0.0238353 0.0466667 0.000111196
0 0.25623 0.489333 0.0801734 0.0853333 0.000115625
0 0.79442 0.0186667 0.039545 0.0346667 0.000117868
0 0.695558 0.413333 0.0498375 0.056 0.000125448
0 0.559588 0.215333 0.0314193 0.0573333 0.000129806
0 0.527086 0.476667 0.0368364 0.0493333 0.000133093
0 0.663597 0.927333 0.020585 0.0306667 0.000133315
0 0.32909 0.504 0.0276273 0.0426667 0.000134075
0 0.763001 0.121333 0.0276273 0.106667 0.000136128
0 0.241603 0.934 0.0390032 0.0893333 0.000137038
0 0.217768 0.766667 0.0595883 0.088 0.000137048
0 0.321777 0.362667 0.0660888 0.128 0.000138208
0 0.6552 0.731333 0.0178765 0.084 0.000145721
0 0.619177 0.076 0.0552546 0.138667 0.000146396
0 0.657638 0.49 0.0498375 0.06 0.000151481
0 0.458288 0.235333 0.035753 0.052 0.000153603
0 0.320152 0.582667 0.0108342 0.0373333 0.000153983
0 0.394095 0.376 0.0254605 0.0453333 0.000154286
0 0.992145 0.00133333 0.0157096 0.00266667 0.000155803
0 0.439328 0.474667 0.0270856 0.0373333 0.000156609
0 0.992416 0.838 0.0151679 0.169333 0.00015851
0 0.00893824 0.802667 0.0178765 0.394667 0.00016026
0 0.742958 0.971333 0.06013 0.0573333 0.000160774
0 0.29415 0.678 0.0173348 0.052 0.000163092
0 0.961538 0.174667 0.0758397 0.250667 0.000168664
0 0.51273 0.399333 0.0178765 0.0573333 0.000168991
0 0.505417 0.380667 0.0270856 0.0573333 0.000169992
0 0.92714 0.430667 0.0157096 0.0373333 0.000179092
0 0.614572 0.408 0.0449621 0.0453333 0.000181461
0 0.698267 0.882 0.0151679 0.0306667 0.000183948
0 0.334507 0.408 0.0503792 0.08 0.000191698
0 0.717497 0.414667 0.031961 0.048 0.000192705
0 0.991062 0.176667 0.0178765 0.297333 0.000193003
0 0.505959 0.487333 0.0303359 0.0466667 0.000203568
0 0.622698 0.036 0.0449621 0.064 0.000208025
0 0.992687 0.584 0.0146262 0.0453333 0.000213262
0 0.994854 0.222667 0.0102925 0.197333 0.000219001
0 0.67389 0.409333 0.0270856 0.048 0.000220354
0 0.430661 0.464667 0.0476706 0.06 0.00022389
0 0.513814 0.468667 0.031961 0.0573333 0.000224393
0 0.225081 0.716667 0.0731311 0.150667 0.00022518
0 0.312297 0.582 0.0276273 0.0466667 0.000227514
0 0.996208 0.412 0.00758397 0.154667 0.000230384
0 0.727519 0.971333 0.0270856 0.0573333 0.000231708
0 0.263814 0.792667 0.0400867 0.0626667 0.000246765
0 0.358342 0.700667 0.0308776 0.076 0.000255443
0 0.671723 0.0713333 0.133261 0.137333 0.000262564
0 0.438516 0.276667 0.024377 0.0573333 0.000275733
0 0.548754 0.432 0.0325027 0.0826667 0.000277765
0 0.337757 0.311333 0.0189599 0.0413333 0.000279817
0 0.0200433 0.5 0.0400867 1 0.000289149
0 0.57286 0.728667 0.0124594 0.0386667 0.000292264
0 0.696641 0.220667 0.0292524 0.0573333 0.000295374
0 0.354009 0.418667 0.0189599 0.056 0.000306162
0 0.40195 0.376 0.0130011 0.0426667 0.000322452
0 0.0839653 0.642667 0.0704225 0.0666667 0.000328881
0 0.0135428 0.730667 0.0270856 0.536 0.000339231
0 0.914951 0.194 0.0964247 0.142667 0.000341425
0 0.672264 0.532 0.0487541 0.0693333 0.00034496
0 0.995666 0.486 0.00866739 0.236 0.000372524
0 0.51598 0.394 0.0092091 0.0413333 0.000373898
0 0.239707 0.637333 0.0406284 0.0853333 0.000394803
0 0.6552 0.042 0.13597 0.0813333 0.000396686
0 0.647346 0.378667 0.0368364 0.0613333 0.000428388
0 0.536566 0.381333 0.0492958 0.0693333 0.000431407
0 0.975623 0.124 0.0487541 0.181333 0.000441474
0 0.33857 0.368 0.035753 0.149333 0.000456509
0 0.55688 0.405333 0.0119177 0.0373333 0.000457351
0 0.22481 0.806667 0.0617551 0.154667 0.000460741
0 0.238353 0.608667 0.0769231 0.198667 0.000460905
0 0.922264 0.0953333 0.146804 0.188 0.000567661
0 0.248104 0.917333 0.0292524 0.08 0.000590472
0 0.54442 0.168 0.0303359 0.08 0.000608344
0 0.612134 0.380667 0.0455038 0.068 0.000617283
0 0.680932 0.412 0.0227519 0.0453333 0.000622988
0 0.994583 0.147333 0.0108342 0.249333 0.000683053
0 0.225352 0.729333 0.0411701 0.117333 0.000728655
0 0.92714 0.156 0.0861322 0.101333 0.000742896
0 0.241603 0.772 0.0346696 0.0746667 0.000747825
0 0.233207 0.758667 0.0200433 0.0613333 0.000766404
0 0.33234 0.324667 0.0308776 0.068 0.000811573
0 0.579902 0.372667 0.0449621 0.068 0.000855397
0 0.241062 0.676 0.0465872 0.0853333 0.000908327
0 0.511376 0.442 0.0216685 0.0786667 0.00096498
0 0.478602 0.391333 0.00812568 0.028 0.000989571
0 0.225894 0.753333 0.0325027 0.072 0.00114858
0 0.707747 0.102 0.0893824 0.196 0.00125891
0 0.658722 0.406667 0.0509209 0.056 0.00129761
0 0.702329 0.135333 0.06013 0.124 0.00137709
0 0.631365 0.108 0.234561 0.208 0.00137811
0 0.230769 0.784 0.0346696 0.096 0.0015508
0 0.248104 0.754 0.0422535 0.0893333 0.00169798
0 0.48429 0.159333 0.0628386 0.092 0.00172575
0 0.249187 0.658667 0.0444204 0.0666667 0.00173873
0 0.690412 0.17 0.039545 0.06 0.00182007
0 0.267335 0.796667 0.0189599 0.0466667 0.00202259
0 0.323944 0.315333 0.0411701 0.0546667 0.00208702
0 0.345341 0.421333 0.0297941 0.0506667 0.00211063
0 0.947996 0.143333 0.0509209 0.1 0.00230298
0 0.628386 0.405333 0.0314193 0.0453333 0.00241461
0 0.993499 0.052 0.0130011 0.101333 0.00288267
0 0.992145 0.0853333 0.0157096 0.170667 0.00424264
0 0.937161 0.161333 0.0444204 0.0746667 0.0103126
0 0.548483 0.402 0.0287107 0.0413333 0.0183524
0 0.632178 0.984667 0.0162514 0.0306667 0.0242304
0 0.251083 0.786667 0.0492958 0.0826667 0.0424301
0 0.628927 0.975333 0.0270856 0.0493333 0.161745
0 0.95883 0.103333 0.0790899 0.190667 0.301871
0 0.442308 0.422667 0.0417118 0.0533333 0.823425
0 0.245395 0.717333 0.0552546 0.141333 0.849378
0 0.494583 0.54 0.0476706 0.0586667 0.875192
0 0.364301 0.638667 0.031961 0.106667 0.906798
0 0.496208 0.761333 0.0520043 0.128 0.939153
