0 0.865385 0.423333 0.0731311 0.1 0.000100033
0 0.264897 0.618 0.0660888 0.150667 0.00010051
0 0.485645 0.4 0.0362947 0.0773333 0.000100554
0 0.728602 0.754 0.0411701 0.0733333 0.000100708
0 0.37351 0.00933333 0.143554 0.0186667 0.000100889
0 0.973998 0.584667 0.0520043 0.198667 0.000101075
0 0.698267 0.352667 0.0325027 0.0973333 0.000102462
0 0.910888 0.643333 0.0384615 0.0653333 0.000103793
0 0.561484 1 0.0417118 0 0.000103912
0 0.566901 0 0.0828819 0 0.000103984
0 0.411701 0.369333 0.175515 0.317333 0.000104694
0 0.564735 0.24 0.0547129 0.152 0.00010556
0 0.896262 0.634667 0.0384615 0.0826667 0.000105618
0 0.777898 0.238667 0.056338 0.157333 0.000106598
0 0.846425 0.606 0.0861322 0.14 0.000106624
0 0.846154 0.453333 0.0585049 0.106667 0.000106962
0 0.994312 0.509333 0.0113759 0.130667 0.000107014
0 0.488895 0.490667 0.10455 0.288 0.000107052
0 0.342633 0.008 0.117551 0.016 0.000107421
0 0.583424 0.04 0.0411701 0.0666667 0.000108186
0 0.612947 0.618 0.0362947 0.0706667 0.000109222
0 0.953142 0.137333 0.0709642 0.186667 0.000111054
0 0.342362 0.523333 0.0801734 0.222667 0.000113303
0 0.971289 0.926 0.0574215 0.148 0.000113373
0 0.874865 0.00133333 0.149512 0.00266667 0.000113933
0 0.932557 0.521333 0.0471289 0.0853333 0.00011426
0 0.819881 0.747333 0.0622969 0.150667 0.000114578
0 0.913868 0.464667 0.056338 0.116 0.000114854
0 0.0067714 0.142667 0.0135428 0.282667 0.000115391
0 0.490249 0.972667 0.0119177 0.0493333 0.000115435
0 0.900054 0.668 0.0427952 0.0906667 0.000115797
0 0.3448 0.713333 0.0492958 0.224 0.000115883
0 0.234832 0.434 0.0460455 0.113333 0.000117183
0 0.489707 0.839333 0.020585 0.0786667 0.00011872
0 0.885428 0.54 0.209642 0.616 0.000119755
0 0.692849 0.844 0.0606717 0.216 0.000120016
0 0.581798 0.924 0.0346696 0.141333 0.000120424
0 0.917118 0.078 0.063922 0.118667 0.000122297
0 0.591549 0.0533333 0.0184182 0.0373333 0.000122644
0 0.907367 0.354 0.0628386 0.129333 0.000122751
0 0.903034 0.303333 0.0325027 0.1 0.000122772
0 0.517606 0.21 0.0536295 0.0866667 0.000122951
0 0.989707 0.939333 0.020585 0.121333 0.000123051
0 0.836132 0.523333 0.0633803 0.105333 0.000123404
0 0.833694 0.546667 0.0487541 0.0826667 0.000123504
0 0.757042 0.62 0.0449621 0.122667 0.000123689
0 0.356988 0.686667 0.0227519 0.117333 0.000123733
0 0.982123 0.997333 0.035753 0.00533333 0.000123883
0 0.934453 0.706667 0.0931744 0.197333 0.000124202
0 0.599675 0.0653333 0.0422535 0.08 0.000124675
0 0.81961 0.682667 0.0758397 0.133333 0.000125193
0 0.812297 0.0613333 0.1013 0.122667 0.000126665
0 0.910888 0.168 0.0568797 0.130667 0.000127216
0 0.985103 0.628 0.0297941 0.141333 0.00012834
0 0.952058 0.62 0.0937161 0.186667 0.000128486
0 0.903304 0.06 0.0417118 0.106667 0.000129038
0 0.277086 0.451333 0.138137 0.534667 0.000129069
0 0.836403 0.479333 0.084507 0.172 0.000129266
0 0.529794 0.08 0.0292524 0.0586667 0.000131468
0 0.468039 0.002 0.111593 0.004 0.000132125
0 0.738082 0.572 0.0482123 0.12 0.000132448
0 0.514085 0.0873333 0.0303359 0.0546667 0.000133011
0 0.991062 0.602667 0.0178765 0.170667 0.000135327
0 0.362405 0.483333 0.0335861 0.134667 0.00013732
0 0.976436 0.528667 0.0471289 0.172 0.000137691
0 0.606717 0.172667 0.0260022 0.0573333 0.000138535
0 0.790628 0.658667 0.0633803 0.141333 0.000138753
0 0.543608 0.493333 0.235645 0.634667 0.000138833
0 0.264085 0.553333 0.0817985 0.133333 0.000140097
0 0.803629 0.871333 0.0373781 0.0786667 0.000140632
0 0.710455 0.088 0.14572 0.176 0.000140746
0 0.710184 0 0.124594 0 0.000141723
0 0.00839653 0.820667 0.0167931 0.353333 0.000143766
0 0.878386 0.704667 0.0796316 0.148 0.000145195
0 0.482124 0.972 0.0227519 0.0506667 0.000145583
0 0.883803 0.666667 0.0698808 0.122667 0.000146164
0 0.986186 0.553333 0.0276273 0.128 0.000148211
0 0.55065 0.319333 0.0265439 0.0626667 0.000149443
0 0.932015 0.296667 0.0893824 0.132 0.000149658
0 0.833153 0.696667 0.143012 0.254667 0.000150327
0 0.654659 0.1 0.167389 0.2 0.000150374
0 0.491062 0.204 0.171723 0.354667 0.000152844
0 0.386241 0.136667 0.0541712 0.108 0.000153593
0 0.864843 0.824 0.109967 0.192 0.000153836
0 0.955309 0.064 0.0579632 0.125333 0.000153879
0 0.800921 0.19 0.0807151 0.177333 0.000155173
0 0.832069 0.101333 0.159263 0.202667 0.0001555
0 0.572048 0.876667 0.0314193 0.0546667 0.000157132
0 0.942849 0.0393333 0.0503792 0.0786667 0.000158066
0 0.35455 0.698667 0.0308776 0.178667 0.000159552
0 0.63922 0.203333 0.0444204 0.06 0.000159784
0 0.664951 0.391333 0.0547129 0.105333 0.000161949
0 0.619177 0.722 0.0520043 0.129333 0.000162094
0 0.953955 0.210667 0.0606717 0.285333 0.000162466
0 0.341549 0.476 0.0449621 0.133333 0.000162549
0 0.858613 0.153333 0.035753 0.0746667 0.000163881
0 0.344258 0.142667 0.0633803 0.128 0.000164424
0 0.822048 0.212667 0.088299 0.190667 0.000164514
0 0.593987 0 0.0785482 0 0.000165475
0 0.98429 0.501333 0.0314193 0.157333 0.000166794
0 0.708288 0.8 0.0817985 0.274667 0.000167186
0 0.721018 0.0553333 0.0422535 0.092 0.000167222
0 0.985915 0.994667 0.028169 0.0106667 0.000167361
0 0.326652 0.287333 0.0184182 0.036 0.00016834
0 0.990791 0.683333 0.0184182 0.161333 0.00016884
0 0.8448 0.41 0.0482123 0.0973333 0.000169784
0 0.972914 0.654 0.0541712 0.150667 0.000170222
0 0.932015 0.475333 0.0774648 0.18 0.000171586
0 0.630823 0.0786667 0.0655471 0.138667 0.000172994
0 0.722644 0.568667 0.0487541 0.129333 0.000174869
0 0.824485 0.940667 0.0520043 0.118667 0.000175227
0 0.37351 0.182667 0.0482123 0.0773333 0.000178556
0 0.28169 0.579333 0.056338 0.169333 0.000179008
0 0.287649 0.867333 0.0227519 0.0653333 0.000179757
0 0.710184 0.459333 0.0520043 0.172 0.000180382
0 0.94935 0.306 0.0438787 0.113333 0.000181387
0 0.912514 0.804 0.102384 0.162667 0.000181634
0 0.27221 0.669333 0.0178765 0.048 0.000181974
0 0.722373 0.026 0.211809 0.052 0.000183057
0 0.986457 1 0.0270856 0 0.000184908
0 0.732123 0.668667 0.0633803 0.126667 0.000185202
0 0.607801 0.288 0.118093 0.248 0.00018537
0 0.821235 0.557333 0.0595883 0.112 0.000186321
0 0.627573 0.736 0.024377 0.088 0.000187183
0 0.562026 0.178 0.0438787 0.110667 0.000188118
0 0.236186 0.358 0.0400867 0.116 0.000189584
0 0.434995 0.34 0.102925 0.170667 0.000190827
0 0.627844 0 0.0834236 0 0.000190852
0 0.696912 0.205333 0.0406284 0.0853333 0.000190999
0 0.817985 0.600667 0.0595883 0.0973333 0.000193795
0 0.558776 0.978 0.024377 0.0386667 0.000195325
0 0.309859 0.0286667 0.0520043 0.0466667 0.000195445
0 0.675785 0.742667 0.0438787 0.0746667 0.000195492
0 0.732665 0.726667 0.0352113 0.0986667 0.000195931
0 0.990249 0 0.0195016 0 0.000196488
0 0.818797 0.81 0.0666305 0.113333 0.000196621
0 0.912784 0.82 0.16468 0.296 0.000196674
0 0.78169 0.618667 0.0476706 0.133333 0.000197712
0 0.952871 0.344667 0.0455038 0.158667 0.000199017
0 0.67389 0.516 0.0552546 0.162667 0.00020019
0 0.553359 0.328 0.0698808 0.264 0.00020086
0 0.906284 0.274667 0.0964247 0.154667 0.000201624
0 0.987812 0.138667 0.024377 0.221333 0.000201632
0 0.915222 0.515333 0.0417118 0.126667 0.000204428
0 0.903034 0.245333 0.0325027 0.0773333 0.000205794
0 0.994312 0.718 0.0113759 0.105333 0.000207823
0 0.711268 0.283333 0.028169 0.0893333 0.00020935
0 0.934182 0 0.131636 0 0.000209785
0 0.932557 0.639333 0.0742145 0.0973333 0.000211993
0 0.0113759 0.206 0.0227519 0.412 0.000212641
0 0.257855 0.155333 0.0812568 0.273333 0.000214988
0 0.586403 0.5 0.111051 0.330667 0.000215439
0 0.899783 0.328 0.0455038 0.112 0.000219191
0 0.423077 0.00666667 0.092091 0.0133333 0.00022013
0 0.636511 0.524667 0.0585049 0.0893333 0.000221102
0 0.79442 0.563333 0.039545 0.116 0.000221925
0 0.660076 0.000666667 0.118635 0.00133333 0.00022226
0 0.622156 0.150667 0.137053 0.205333 0.000224446
0 0.859155 0.654 0.0650054 0.124 0.00022618
0 0.689057 0.485333 0.0682557 0.24 0.000226548
0 0.629198 0.572 0.154388 0.258667 0.000229344
0 0.721018 0.424667 0.0487541 0.1 0.000230817
0 0.844529 0.0813333 0.0325027 0.0586667 0.000231892
0 0.375135 0.0166667 0.0622969 0.0333333 0.000234609
0 0.933099 0.577333 0.0752979 0.221333 0.000238101
0 0.952329 0.666667 0.0758397 0.128 0.000238162
0 0.878386 0.736667 0.119718 0.236 0.000241342
0 0.23402 0.249333 0.028169 0.0533333 0.000241982
0 0.804442 0.604 0.035753 0.08 0.00024346
0 0.770856 0.66 0.0400867 0.0906667 0.000245791
0 0.959372 0.426 0.0390032 0.118667 0.000247794
0 0.272752 0.209333 0.129469 0.392 0.000249249
0 0.656826 0.0813333 0.0417118 0.064 0.000255459
0 0.733207 0.721333 0.147887 0.285333 0.000255572
0 0.689057 0.55 0.0585049 0.116 0.000256294
0 0.0135428 0.539333 0.0270856 0.921333 0.000262958
0 0.652492 0.735333 0.102384 0.281333 0.00026317
0 0.278711 0.673333 0.121885 0.36 0.000268933
0 0.647616 0.188 0.0438787 0.0613333 0.000269196
0 0.647346 0.404 0.0433369 0.114667 0.000270099
0 0.247562 0.375333 0.0216685 0.0493333 0.000272554
0 0.954225 0.788667 0.0904659 0.212 0.000273255
0 0.488895 0.199333 0.0362947 0.0813333 0.000274429
0 0.644637 0.252 0.0292524 0.0613333 0.000276133
0 0.844258 0.238667 0.052546 0.088 0.000276432
0 0.635699 0.69 0.0644637 0.177333 0.000277102
0 0.985645 0.72 0.0287107 0.112 0.000277249
0 0.599133 0.475333 0.056338 0.110667 0.000279804
0 0.690683 0.368667 0.0303359 0.108 0.000282399
0 0.627031 0.685333 0.0232936 0.0586667 0.0002831
0 0.885699 0.624667 0.056338 0.105333 0.000284268
0 0.581528 0.330667 0.0687974 0.234667 0.000288435
0 0.846425 0.674 0.0503792 0.092 0.000290128
0 0.435536 0.022 0.063922 0.044 0.000299228
0 0.762188 0.669333 0.0812568 0.154667 0.000302361
0 0.967226 0.448 0.0568797 0.112 0.000304006
0 0.963976 0.480667 0.0709642 0.190667 0.000306874
0 0.620802 0.04 0.0335861 0.064 0.000309012
0 0.897075 0.362667 0.0379198 0.0933333 0.000311528
0 0.64572 0.295333 0.035753 0.116 0.000312752
0 0.824215 0.633333 0.0796316 0.16 0.000315641
0 0.706934 0.566 0.0498375 0.0973333 0.000315808
0 0.730228 0.1 0.0530878 0.112 0.000320061
0 0.791441 0.639333 0.035753 0.105333 0.000320314
0 0.228332 0.478 0.0297941 0.161333 0.000324306
0 0.583965 0.226 0.0509209 0.132 0.000324457
0 0.742416 0.708667 0.0492958 0.113333 0.000333154
0 0.65818 0.538667 0.0303359 0.0533333 0.000342907
0 0.613489 0.374667 0.0666305 0.146667 0.000347343
0 0.966143 0.698667 0.067714 0.184 0.000347775
0 0.627844 0.0526667 0.0487541 0.0813333 0.000355987
0 0.695829 0.897333 0.0352113 0.128 0.000356468
0 0.979686 0.826 0.0406284 0.276 0.0003723
0 0.587757 0.0666667 0.0303359 0.0586667 0.000372765
0 0.647075 0.357333 0.0514626 0.112 0.000378709
0 0.726977 0.910667 0.0379198 0.0853333 0.000379634
0 0.992145 0.754667 0.0157096 0.162667 0.00038303
0 0.66143 0.196 0.0379198 0.072 0.00038386
0 0.855905 0.755333 0.0747562 0.172 0.000383963
0 0.296858 0.522 0.0270856 0.06 0.000386946
0 0.559047 0.389333 0.0433369 0.144 0.000387118
0 0.789816 0.592 0.0368364 0.088 0.000393059
0 0.357801 0.179333 0.0373781 0.052 0.000393802
0 0.39247 0.0193333 0.0817985 0.0386667 0.000402208
0 0.48104 0.267333 0.0530878 0.148 0.000403188
0 0.925785 0.268667 0.0465872 0.076 0.000413529
0 0.836674 0.719333 0.0590466 0.142667 0.00041451
0 0.0116468 0.738 0.0232936 0.521333 0.000417235
0 0.989437 0.926667 0.0211268 0.146667 0.000420688
0 0.843174 0.338 0.0536295 0.102667 0.000423016
0 0.739437 0.498667 0.0455038 0.109333 0.000425272
0 0.712351 0.511333 0.056338 0.164 0.000431746
0 0.810401 0.577333 0.0487541 0.0986667 0.000435211
0 0.900867 0.094 0.0400867 0.0786667 0.000449118
0 0.977519 0.730667 0.0449621 0.146667 0.00044939
0 0.481311 0.222 0.0536295 0.113333 0.00045599
0 0.453684 0.366 0.0612134 0.153333 0.000457862
0 0.619177 0.530667 0.0498375 0.157333 0.000467002
0 0.239978 0.306667 0.0585049 0.186667 0.000467599
0 0.625135 0.506667 0.0509209 0.0933333 0.000478645
0 0.756501 0.1 0.0406284 0.072 0.000481216
0 0.579361 0.877333 0.0157096 0.0453333 0.000485784
0 0.2974 0.929333 0.0487541 0.141333 0.000488907
0 0.799837 0.0806667 0.0893824 0.134667 0.000491295
0 0.852925 0.261333 0.0384615 0.0746667 0.00049967
0 0.549567 0.182667 0.0362947 0.104 0.000500518
0 0.597237 0.0353333 0.0341278 0.06 0.00050865
0 0.767064 0.092 0.0314193 0.064 0.000516662
0 0.588299 0.255333 0.035753 0.0946667 0.000529124
0 0.839924 0.248667 0.0655471 0.193333 0.000542626
0 0.632178 0.696 0.0325027 0.088 0.000551344
0 0.845883 0.0626667 0.0579632 0.117333 0.000551395
0 0.357801 0.149333 0.0460455 0.0906667 0.000555179
0 0.576381 0.255333 0.0270856 0.0946667 0.000561409
0 0.623781 0.365333 0.052546 0.08 0.000563217
0 0.606717 0.407333 0.0509209 0.0973333 0.000565555
0 0.424973 0.0133333 0.0427952 0.0266667 0.000566589
0 0.989166 0.832667 0.0216685 0.230667 0.000586799
0 0.428223 0.022 0.0406284 0.036 0.000592194
0 0.866739 0.0893333 0.0400867 0.08 0.000602872
0 0.651408 0.124 0.0698808 0.170667 0.000607454
0 0.729144 0.161333 0.0335861 0.0693333 0.000623101
0 0.647075 0.594 0.0742145 0.161333 0.000635514
0 0.891928 0.793333 0.0687974 0.128 0.000636137
0 0.820423 0.904 0.0655471 0.181333 0.000636152
0 0.526815 0.245333 0.0417118 0.101333 0.000640585
0 0.482665 0.894 0.035753 0.201333 0.00066389
0 0.983749 0.902 0.0325027 0.188 0.000664217
0 0.513543 0.323333 0.092091 0.289333 0.000665062
0 0.843174 0.168667 0.0471289 0.0946667 0.000679008
0 0.738353 0.124667 0.035753 0.06 0.000685412
0 0.57611 0.894667 0.0254605 0.08 0.000694393
0 0.676327 0.568667 0.0449621 0.0786667 0.000711707
0 0.804984 0.924 0.0390032 0.141333 0.000715374
0 0.644637 0.211333 0.0249187 0.044 0.000734621
0 0.563922 0.46 0.0335861 0.154667 0.000737733
0 0.42714 0.056 0.0839653 0.109333 0.000743827
0 0.563922 0.309333 0.190683 0.370667 0.000774125
0 0.642741 0.086 0.039545 0.0786667 0.000780864
0 0.733207 0.136667 0.0297941 0.0546667 0.000786583
0 0.723727 0.612 0.0660888 0.112 0.000800394
0 0.776273 0.224 0.0444204 0.0986667 0.000807344
0 0.254063 0.431333 0.0931744 0.334667 0.000818154
0 0.75325 0.146667 0.106717 0.144 0.000824891
0 0.744312 0.112667 0.206934 0.217333 0.000838231
0 0.839653 0.761333 0.0498375 0.144 0.000842135
0 0.87974 0.883333 0.0985916 0.222667 0.000885293
0 0.453142 0.0306667 0.0330444 0.056 0.000885711
0 0.588299 0.398667 0.0823402 0.149333 0.000918272
0 0.651408 0.688 0.067714 0.12 0.000928443
0 0.686891 0.740667 0.0682557 0.286667 0.00094291
0 0.709642 0.695333 0.056338 0.161333 0.000977155
0 0.346425 0.0153333 0.0731311 0.0306667 0.00098537
0 0.626219 0.479333 0.0520043 0.076 0.000986599
0 0.474269 0.282 0.106717 0.244 0.000987008
0 0.580986 0.324 0.0384615 0.176 0.000996737
0 0.732394 0.475333 0.0379198 0.0866667 0.00102423
0 0.640303 0.0466667 0.0390032 0.08 0.00102523
0 0.473185 0.357333 0.0915493 0.202667 0.00103053
0 0.7026 0.403333 0.0390032 0.0893333 0.00103104
0 0.226977 0.442667 0.0249187 0.0933333 0.00103175
0 0.252979 0.715333 0.071506 0.313333 0.00106019
0 0.669827 0.725333 0.0232936 0.0346667 0.00109607
0 0.536836 0.218 0.028169 0.068 0.00112273
0 0.589382 0.42 0.0476706 0.072 0.00113804
0 0.552817 0.978667 0.0167931 0.0346667 0.00114106
0 0.437974 0.0386667 0.06013 0.0746667 0.00114857
0 0.310401 0.0533333 0.152763 0.0986667 0.00119256
0 0.398158 0.0433333 0.092091 0.0786667 0.00122961
0 0.707476 0.124667 0.0530878 0.132 0.00129376
0 0.611863 0.501333 0.0287107 0.0773333 0.00132483
0 0.867281 0.792 0.0812568 0.12 0.00137833
0 0.687432 0.172667 0.0530878 0.076 0.00143522
0 0.553629 0.424667 0.0314193 0.092 0.00145461
0 0.353738 0.108667 0.0390032 0.076 0.00146884
0 0.446371 0.354 0.0465872 0.092 0.00148534
0 0.330986 0.012 0.0379198 0.024 0.00149141
0 0.697454 0.586 0.0406284 0.06 0.00154118
0 0.903304 0.141333 0.031961 0.0746667 0.00154161
0 0.46831 0.284 0.0471289 0.130667 0.00159875
0 0.841278 0.796 0.0433369 0.0746667 0.0016069
0 0.231853 0.370667 0.0379198 0.216 0.00161462
0 0.709372 0.634 0.0785482 0.118667 0.0016321
0 0.397346 0.0693333 0.111051 0.136 0.00166479
0 0.852654 0.198667 0.0368364 0.0693333 0.00176451
0 0.571777 0.177333 0.0796316 0.157333 0.00185503
0 0.356446 0.112667 0.0574215 0.126667 0.00186141
0 0.610509 0.451333 0.0335861 0.0866667 0.00186462
0 0.323402 0.014 0.143012 0.028 0.00191492
0 0.690412 0.588 0.052546 0.0906667 0.00191922
0 0.717768 0.629333 0.0465872 0.088 0.00196856
0 0.596154 0.439333 0.0471289 0.1 0.00227628
0 0.226706 0.396 0.0265439 0.149333 0.00238982
0 0.298212 0.303333 0.173889 0.574667 0.00244722
0 0.821235 0.0773333 0.0671723 0.112 0.0025114
0 0.668202 0.588 0.0417118 0.114667 0.00262309
0 0.866739 0.86 0.0682557 0.157333 0.00262704
0 0.597237 0.42 0.0167931 0.048 0.00264528
0 0.273564 0.036 0.056338 0.0613333 0.00302204
0 0.570152 0.366667 0.0406284 0.170667 0.00308992
0 0.849946 0.808667 0.0390032 0.0573333 0.00339032
0 0.632178 0.38 0.0325027 0.0906667 0.00340193
0 0.502979 0.351333 0.157638 0.364 0.00341469
0 0.34507 0.0246667 0.099675 0.0493333 0.00356945
0 0.834236 0.833333 0.0736728 0.106667 0.00386292
0 0.901408 0.181333 0.035753 0.0773333 0.0039441
0 0.62351 0.413333 0.0530878 0.162667 0.00398306
0 0.836403 0.0893333 0.0487541 0.088 0.00404139
0 0.28494 0.539333 0.0400867 0.092 0.00445933
0 0.31013 0.119333 0.169556 0.230667 0.0045411
0 0.638678 0.355333 0.0346696 0.0706667 0.00479357
0 0.776815 0.173333 0.0509209 0.12 0.00549018
0 0.581257 0.268667 0.0216685 0.0706667 0.00605679
0 0.861863 0.828 0.0552546 0.0906667 0.00637781
0 0.692037 0.396667 0.0254605 0.0893333 0.00667804
0 0.693391 0.106 0.0985916 0.196 0.0068207
0 0.643554 0.0733333 0.0325027 0.048 0.00701327
0 0.368364 0.078 0.0574215 0.145333 0.00834354
0 0.37351 0.0346667 0.0460455 0.0613333 0.0105287
0 0.457746 0.312 0.0704225 0.176 0.0110299
0 0.699892 0.651333 0.035753 0.118667 0.0132142
0 0.478873 0.289333 0.0346696 0.0986667 0.0136706
0 0.572589 0.416 0.0455038 0.106667 0.0143427
0 0.68039 0.144667 0.0682557 0.118667 0.0161607
0 0.684995 0.599333 0.0752979 0.126667 0.0211036
0 0.782232 0.148 0.0747562 0.152 0.0238118
0 0.501896 0.257333 0.0817985 0.170667 0.0243341
0 0.706392 0.627333 0.0335861 0.0733333 0.0248757
0 0.806609 0.14 0.105092 0.189333 0.0275889
0 0.611593 0.479333 0.0270856 0.044 0.0297236
0 0.815547 0.112 0.0796316 0.12 0.0355142
0 0.777356 0.194667 0.0411701 0.0506667 0.0355363
0 0.684724 0.628667 0.0650054 0.076 0.0661312
0 0.375406 0.0186667 0.0411701 0.032 0.0727541
0 0.663326 0.179333 0.0330444 0.0493333 0.0981085
0 0.685807 0.674 0.0541712 0.142667 0.128006
0 0.661972 0.668667 0.106176 0.164 0.136331
0 0.562568 0.402 0.0254605 0.0813333 0.138025
0 0.562297 0.430667 0.0260022 0.0906667 0.495635
0 0.437432 0.866 0.0373781 0.177333 0.843174
0 0.730498 0.915333 0.0449621 0.150667 0.8819
0 0.563922 0.760667 0.0260022 0.129333 0.894822
