0 0.0352113 0.586667 0.0660888 0.248 0.000100084
0 0.272752 0.102 0.0698808 0.169333 0.000100869
0 0.0406284 0.526667 0.0465872 0.192 0.000102103
0 0.51896 0.0686667 0.0812568 0.116 0.000102875
0 0.52546 0.962 0.0812568 0.076 0.00010469
0 0.290628 0.979333 0.039545 0.0413333 0.000106483
0 0.0227519 0.216 0.0455038 0.426667 0.000109679
0 0.00893824 0.489333 0.0178765 0.458667 0.000110319
0 0.6552 0.0473333 0.039545 0.0733333 0.000112265
0 0.201246 0.519333 0.0850488 0.158667 0.000114396
0 0.974269 0.464 0.0514626 0.226667 0.000115982
0 0.749187 0.00133333 0.092091 0.00266667 0.000117244
0 0.343716 0.0986667 0.189057 0.152 0.0001195
0 0.44312 1 0.0823402 0 0.000121575
0 0.441495 0.241333 0.0953413 0.157333 0.000121641
0 0.98104 0.892667 0.0379198 0.206667 0.000123896
0 0.252709 0.0426667 0.0492958 0.0826667 0.000126498
0 0.731853 0.074 0.0162514 0.0546667 0.000127281
0 0.445558 1 0.13922 0 0.000131065
0 0.306338 0.0813333 0.117551 0.133333 0.000131169
0 0.00595883 0.100667 0.0119177 0.193333 0.00013338
0 0.988353 0.538667 0.0232936 0.0933333 0.000134323
0 0.50623 0.108 0.0666305 0.141333 0.000140504
0 0.27844 0.0493333 0.0455038 0.0853333 0.000140542
0 0.258667 0.144 0.0503792 0.096 0.000144983
0 0.712893 0.000666667 0.092091 0.00133333 0.00014814
0 0.0162514 0.0793333 0.0325027 0.150667 0.000148246
0 0.991062 0.828 0.0178765 0.298667 0.000150984
0 0.130553 0.530667 0.261105 0.938667 0.000153021
0 0.982665 0.951333 0.0346696 0.0946667 0.000154498
0 0.991603 0.905333 0.0167931 0.178667 0.000158214
0 0.955309 0.006 0.0850488 0.012 0.000166738
0 0.0219393 0.87 0.0438787 0.26 0.00016794
0 0.671723 0.169333 0.0390032 0.0693333 0.000169158
0 0.430932 0.158 0.0893824 0.164 0.000172554
0 0.941766 0.336667 0.0406284 0.092 0.000174154
0 0.771668 0.572 0.0904659 0.469333 0.000181969
0 0.507584 0.00133333 0.0585049 0.00266667 0.000184767
0 0.439328 0.048 0.174431 0.096 0.000185728
0 0.47779 0.0186667 0.0650054 0.0373333 0.000186851
0 0.448808 0.0233333 0.06013 0.0466667 0.000186999
0 0.477519 0.00733333 0.0622969 0.0146667 0.000188038
0 0.370802 0 0.0861322 0 0.000191799
0 0.452871 0.186667 0.111593 0.269333 0.000193271
0 0.457746 0 0.0660888 0 0.00019439
0 0.387595 0.0886667 0.0807151 0.102667 0.000194646
0 0.545504 0.0346667 0.0444204 0.064 0.000195103
0 0.984832 0.00133333 0.0303359 0.00266667 0.000195775
0 0.0100217 0.171333 0.0200433 0.342667 0.000199424
0 0.257042 0.604667 0.138137 0.204 0.000199682
0 0.971289 0 0.0574215 0 0.000201077
0 0.484019 0.026 0.0547129 0.052 0.000202866
0 0.315276 0.657333 0.0574215 0.197333 0.00020795
0 0.182828 0.862 0.133803 0.276 0.000208252
0 0.99377 0.508667 0.0124594 0.148 0.000213495
0 0.924431 0.221333 0.124052 0.232 0.000215531
0 0.910347 0.48 0.151138 0.370667 0.0002173
0 0.0251896 0.758 0.0503792 0.484 0.00024124
0 0.257855 0.571333 0.0433369 0.0893333 0.000244357
0 0.457746 0.622667 0.0184182 0.0373333 0.000254965
0 0.995125 0.455333 0.00975081 0.102667 0.000268388
0 0.464518 0.0733333 0.0893824 0.133333 0.000268548
0 0.960455 0.203333 0.0314193 0.052 0.000272054
0 0.498375 0.129333 0.0390032 0.0986667 0.000279861
0 0.48727 0.058 0.0579632 0.108 0.000285627
0 0.669556 0.0406667 0.0552546 0.076 0.000285713
0 0.933369 0.406 0.0444204 0.0973333 0.000287864
0 0.488895 0.974667 0.0568797 0.0506667 0.000288023
0 0.637324 0.0553333 0.0655471 0.0813333 0.000290488
0 0.57611 0.00533333 0.0590466 0.0106667 0.000293387
0 0.486457 0 0.0498375 0 0.000297475
0 0.375135 0.0606667 0.0785482 0.121333 0.000307311
0 0.183099 0.41 0.0682557 0.156 0.000310727
0 0.657096 0.0226667 0.0444204 0.0453333 0.000313177
0 0.613489 0.148 0.0482123 0.08 0.000319495
0 0.800379 0.124 0.0276273 0.0746667 0.000322155
0 0.0130011 0.338667 0.0260022 0.677333 0.000322343
0 0.550921 0.126667 0.0390032 0.088 0.000325787
0 0.196641 0.489333 0.063922 0.109333 0.000331302
0 0.470477 0.0393333 0.0720477 0.0786667 0.000335429
0 0.87974 0.164 0.0335861 0.0826667 0.000336029
0 0.991062 0 0.0178765 0 0.000336713
0 0.323944 0.607333 0.0725894 0.150667 0.000342986
0 0.571235 0.444 0.0655471 0.106667 0.000344629
0 0.230769 0.451333 0.0812568 0.150667 0.000347469
0 0.54117 0.00666667 0.0379198 0.0133333 0.000352593
0 0.685536 0 0.0785482 0 0.000354411
0 0.513543 0.12 0.186349 0.181333 0.000359711
0 0.994041 0.0546667 0.0119177 0.106667 0.000367034
0 0.00785482 0.290667 0.0157096 0.456 0.000374982
0 0.257042 0.218 0.031961 0.0946667 0.000375594
0 0.421181 0.0326667 0.0698808 0.0653333 0.000378128
0 0.439057 0.056 0.0568797 0.109333 0.000391715
0 0.389762 0.0446667 0.0612134 0.084 0.000395803
0 0.423619 0.284667 0.0574215 0.0733333 0.000397543
0 0.291441 0.0653333 0.0725894 0.112 0.00045501
0 0.250271 0.534 0.113759 0.190667 0.000459166
0 0.653846 0.012 0.0682557 0.024 0.000460746
0 0.543608 0 0.0427952 0 0.000463812
0 0.251625 0.172667 0.0449621 0.0626667 0.00050646
0 0.626761 0.141333 0.0173348 0.0586667 0.000526573
0 0.525731 0.134 0.0698808 0.105333 0.000537206
0 0.944745 0.549333 0.0682557 0.112 0.000546777
0 0.956121 0.323333 0.0487541 0.084 0.000559965
0 0.469935 0.202 0.0352113 0.052 0.000605549
0 0.261105 0.562 0.0790899 0.0893333 0.000740779
0 0.40493 0.002 0.115385 0.004 0.00077514
0 0.0368364 0.525333 0.0736728 0.949333 0.000776816
0 0.615655 0 0.0785482 0 0.000892217
0 0.40493 0.193333 0.128386 0.242667 0.000928562
0 0.566901 0.00533333 0.0406284 0.0106667 0.000967533
0 0.507313 0.965333 0.0449621 0.0666667 0.00108164
0 0.99052 0.0686667 0.0189599 0.137333 0.00108878
0 0.634886 0.00533333 0.0693391 0.0106667 0.00109928
0 0.421993 0.102667 0.118093 0.157333 0.00115564
0 0.26896 0.0433333 0.0254605 0.0733333 0.0012289
0 0.00947996 0.820667 0.0189599 0.358667 0.00123102
0 0.210184 0.433333 0.0487541 0.122667 0.00136517
0 0.579902 0 0.0612134 0 0.00140484
0 0.650054 0 0.0693391 0 0.00159263
0 0.190141 0.431333 0.0530878 0.1 0.00159576
0 0.194204 0.456667 0.0536295 0.076 0.00160637
0 0.633532 0.016 0.0709642 0.032 0.00169106
0 0.497562 0.034 0.0482123 0.0653333 0.00176384
0 0.312297 0.624667 0.0427952 0.084 0.00213752
0 0.469935 0.128 0.10455 0.173333 0.00241844
0 0.21208 0.46 0.0373781 0.0666667 0.00246734
0 0.957747 0.328667 0.0303359 0.06 0.00252971
0 0.954767 0.250667 0.0644637 0.194667 0.00322058
0 0.617281 0.0226667 0.0352113 0.0453333 0.00341879
0 0.0130011 0.718 0.0260022 0.564 0.00366754
0 0.441495 0.0866667 0.0498375 0.0826667 0.00383815
0 0.0165222 0.543333 0.0330444 0.913333 0.00506708
0 0.511376 0.024 0.0693391 0.048 0.00704903
0 0.200704 0.442667 0.0352113 0.0773333 0.00835477
0 0.213976 0.494 0.0368364 0.102667 0.00943241
0 0.590195 0.024 0.0763814 0.048 0.00988332
0 0.450163 0.140667 0.0693391 0.134667 0.0118754
0 0.945558 0.496 0.088299 0.178667 0.0192454
0 0.493229 0.02 0.0384615 0.0373333 0.0233255
0 0.501083 0.985333 0.0314193 0.0266667 0.0340882
0 0.229686 0.506 0.0693391 0.134667 0.058303
0 0.634615 0.028 0.0720477 0.056 0.0755363
0 0.409263 0.062 0.10455 0.121333 0.0979749
0 0.285753 0.598667 0.095883 0.146667 0.101001
0 0.564193 0.02 0.0330444 0.04 0.111539
0 0.764626 0.683333 0.0687974 0.244 0.871718
0 0.928765 0.386667 0.0655471 0.205333 0.876348
0 0.686891 0.174 0.0693391 0.092 0.91623
0 0.564464 0.406667 0.0769231 0.178667 0.944964
