0 0.54117 0.0826667 0.0585049 0.0906667 0.00010009
0 0.751083 0.818 0.109967 0.273333 0.00010099
0 0.523564 0.0993333 0.0817985 0.132 0.000103543
0 0.184453 0.754 0.0232936 0.06 0.000103918
0 0.277086 0.0386667 0.067714 0.0773333 0.000104234
0 0.260293 0.886 0.0807151 0.225333 0.000108828
0 0.492416 0.283333 0.0498375 0.0946667 0.000109611
0 0.750271 0.65 0.0877573 0.204 0.000109771
0 0.0135428 0.286 0.0270856 0.572 0.000110442
0 0.546587 0.344667 0.0617551 0.121333 0.000110528
0 0.985103 1 0.0297941 0 0.00011082
0 0.0178765 0.205333 0.035753 0.336 0.000111362
0 0.874865 0.621333 0.0790899 0.218667 0.000111791
0 0.022481 0.366667 0.0438787 0.245333 0.000113201
0 0.944475 0.038 0.0579632 0.076 0.000113356
0 0.562839 0.762 0.0498375 0.132 0.000114408
0 0.792795 0.767333 0.111051 0.236 0.000114887
0 0.792524 0.140667 0.0498375 0.0866667 0.000115668
0 0.540087 0.00666667 0.0595883 0.0133333 0.000118323
0 0.963976 0.0446667 0.0709642 0.0893333 0.000119589
0 0.894366 0.08 0.111593 0.16 0.000120165
0 0.372698 0.0686667 0.0769231 0.137333 0.000123269
0 0.917931 0.598667 0.100217 0.245333 0.000123325
0 0.313922 0.934667 0.109967 0.130667 0.00012457
0 0.694475 0.01 0.0660888 0.02 0.000124926
0 0.991603 0.11 0.0167931 0.137333 0.000125202
0 0.802546 0.0553333 0.0568797 0.110667 0.000125722
0 0.792253 0.516 0.152221 0.221333 0.000126696
0 0.250813 0.114 0.0541712 0.142667 0.000126798
0 0.813109 0.00933333 0.0736728 0.0186667 0.000127471
0 0.406284 0.115333 0.132178 0.230667 0.000128886
0 0.887324 0.00533333 0.0877573 0.0106667 0.000130221
0 0.728061 0 0.0530878 0 0.00013124
0 0.727519 0.615333 0.0985916 0.166667 0.000131241
0 0.288191 0.318667 0.084507 0.176 0.000131608
0 0.219122 0.664 0.0438787 0.112 0.000131746
0 0.622698 0.806667 0.0872156 0.266667 0.000133011
0 0.0241062 0.55 0.0373781 0.169333 0.000133033
0 0.603196 0 0.0536295 0 0.000133119
0 0.102925 0 0.176598 0 0.000134844
0 0.00650054 0.191333 0.0130011 0.382667 0.000135231
0 0.486457 0.246667 0.0682557 0.154667 0.000135834
0 0.983207 0.101333 0.0335861 0.162667 0.000136745
0 0.636782 0.740667 0.0449621 0.177333 0.000137635
0 0.306067 0.146667 0.147346 0.266667 0.000141339
0 0.901138 0.914667 0.159805 0.168 0.000141948
0 0.406013 0.0793333 0.0839653 0.153333 0.000147589
0 0.640303 0.0513333 0.0606717 0.1 0.00014909
0 0.332611 0.158 0.0942579 0.182667 0.00014978
0 0.98727 0.998667 0.0254605 0.00266667 0.000151315
0 0.754605 0.008 0.0660888 0.016 0.000155261
0 0.83532 0.902667 0.213434 0.194667 0.000155975
0 0.506771 0.006 0.0698808 0.012 0.000157054
0 0.248646 0.465333 0.0509209 0.112 0.000157621
0 0.981311 0.166667 0.0373781 0.176 0.000157774
0 0.0430661 0.890667 0.0157096 0.04 0.000157901
0 0.542524 0.77 0.108884 0.22 0.000159623
0 0.235103 0.632667 0.0444204 0.092 0.000159977
0 0.861593 0.161333 0.0752979 0.112 0.000164392
0 0.693391 0 0.056338 0 0.000164515
0 0.991874 0.0153333 0.0162514 0.0306667 0.000165565
0 0.75623 0.134 0.0780065 0.153333 0.000167106
0 0.471018 0.276667 0.0579632 0.102667 0.000167189
0 0.919556 0.726 0.106717 0.22 0.000169395
0 0.561484 0 0.0612134 0 0.000169725
0 0.354009 0.915333 0.156555 0.164 0.000170897
0 0.236999 0.474667 0.0373781 0.0853333 0.000171266
0 0.340466 0.09 0.0807151 0.161333 0.000171892
0 0.393554 0.0353333 0.0547129 0.0706667 0.000172558
0 0.470206 0.197333 0.0574215 0.141333 0.000172946
0 0.966143 0.524667 0.067714 0.196 0.000173647
0 0.229415 0.576667 0.0731311 0.193333 0.000175986
0 0.93987 0.269333 0.0769231 0.144 0.000176208
0 0.591008 0.699333 0.12026 0.233333 0.000176221
0 0.361322 0.194667 0.0931744 0.157333 0.000176414
0 0.567985 0.02 0.0503792 0.04 0.000178032
0 0.207746 0.687333 0.0709642 0.174667 0.000178667
0 0.789545 0.0166667 0.0774648 0.0333333 0.000181051
0 0.270585 0.348 0.0557963 0.136 0.000181701
0 0.364843 0.00266667 0.0828819 0.00533333 0.000182146
0 0.225623 0.662667 0.0287107 0.0773333 0.000185271
0 0.0162514 0.000666667 0.0314193 0.00133333 0.000185454
0 0.743499 0.190667 0.0503792 0.0933333 0.00018596
0 0.219935 0.442 0.0465872 0.142667 0.000187898
0 0.434724 0.238 0.0633803 0.134667 0.000190473
0 0.626219 0.000666667 0.0368364 0.00133333 0.000191665
0 0.953684 0.228667 0.0926327 0.225333 0.000193043
0 0.0555255 0.000666667 0.107801 0.00133333 0.000195914
0 0.911159 0.798 0.150596 0.38 0.000196644
0 0.289545 0.0606667 0.118635 0.118667 0.000197149
0 0.77546 0.170667 0.0807151 0.146667 0.000200814
0 0.621073 0.014 0.0438787 0.028 0.000201252
0 0.331798 0.422667 0.0417118 0.0986667 0.000202484
0 0.962893 0.341333 0.0742145 0.221333 0.000202526
0 0.935265 0.868667 0.124052 0.228 0.00020298
0 0.303629 0.966667 0.0839653 0.0666667 0.000205131
0 0.792524 0.123333 0.0823402 0.116 0.000208206
0 0.992416 0.514667 0.0151679 0.170667 0.000209405
0 0.527086 0 0.0693391 0 0.000211208
0 0.992958 0.600667 0.0140845 0.164 0.000214138
0 0.979686 0.303333 0.0406284 0.188 0.000217482
0 0.978332 0.449333 0.0433369 0.138667 0.000221148
0 0.869989 0.0446667 0.0855905 0.0893333 0.000222928
0 0.980228 0.224 0.039545 0.176 0.000224856
0 0.791983 0.586667 0.134345 0.253333 0.000234148
0 0.68662 0.0246667 0.0492958 0.0493333 0.000236436
0 0.445016 0.0393333 0.0568797 0.0786667 0.000241584
0 0.918202 0.0393333 0.0682557 0.0786667 0.000248934
0 0.950433 0.578 0.0926327 0.246667 0.000256885
0 0.358342 0.0266667 0.0590466 0.0533333 0.000263873
0 0.0325027 0.255333 0.0400867 0.0866667 0.000264048
0 0.611593 0.0566667 0.063922 0.110667 0.000264404
0 0.359155 0.255333 0.0520043 0.137333 0.000265273
0 0.992416 0.048 0.0151679 0.096 0.00026734
0 0.261376 0 0.0644637 0 0.000270476
0 0.660347 0.044 0.0769231 0.088 0.000273453
0 0.83857 0 0.0693391 0 0.000274761
0 0.559859 0.724667 0.0536295 0.105333 0.000276893
0 0.374323 0.0426667 0.0574215 0.0826667 0.000281735
0 0.248375 0.118667 0.0297941 0.0693333 0.000284178
0 0.668472 0 0.0758397 0 0.000289273
0 0.323673 0.0533333 0.0807151 0.106667 0.000290524
0 0.424973 0.0466667 0.0872156 0.0933333 0.000291749
0 0.347779 0 0.0585049 0 0.000296129
0 0.986999 0.472 0.0260022 0.152 0.000297697
0 0.984561 0.577333 0.0308776 0.170667 0.000298305
0 0.492958 0 0.0585049 0 0.000298883
0 0.802546 0 0.0709642 0 0.000299914
0 0.382178 0.243333 0.0850488 0.166667 0.000308479
0 0.864572 0 0.0758397 0 0.000310095
0 0.465872 0.241333 0.0585049 0.117333 0.000314952
0 0.53792 0.0333333 0.0574215 0.0666667 0.000315069
0 0.723185 0.006 0.0650054 0.012 0.000316172
0 0.537649 0.181333 0.0568797 0.101333 0.000317057
0 0.404659 0.02 0.0487541 0.04 0.000320152
0 0.850488 0.0826667 0.0953413 0.157333 0.000329375
0 0.351842 0.056 0.0817985 0.109333 0.000330722
0 0.91143 0 0.0828819 0 0.000333158
0 0.754605 0.0346667 0.0671723 0.0693333 0.000333471
0 0.623239 0.95 0.0557963 0.1 0.000334423
0 0.990249 0.316667 0.0195016 0.174667 0.000335308
0 0.358342 0.286667 0.0362947 0.08 0.000342135
0 0.382449 0 0.0595883 0 0.000345594
0 0.339924 0.404 0.0514626 0.088 0.000350919
0 0.232936 0.198667 0.0725894 0.304 0.000352081
0 0.0287107 0.296 0.0465872 0.168 0.000353445
0 0.0249187 0.876 0.0498375 0.248 0.000354588
0 0.783857 0.222 0.0476706 0.0893333 0.000357286
0 0.577736 0.302 0.0308776 0.108 0.000366507
0 0.98429 0.651333 0.0314193 0.182667 0.000367071
0 0.0473998 0.195333 0.0655471 0.185333 0.000368765
0 0.989707 0 0.020585 0 0.000373057
0 0.979957 0.000666667 0.0400867 0.00133333 0.000377754
0 0.987541 0.137333 0.0249187 0.165333 0.000381227
0 0.849133 0.938667 0.165222 0.122667 0.000381809
0 0.499729 0.058 0.0915493 0.116 0.000382375
0 0.407096 0.928667 0.0514626 0.108 0.000384926
0 0.64545 0 0.0655471 0 0.000386945
0 0.29415 0.052 0.0530878 0.104 0.00039126
0 0.843174 0.0413333 0.0861322 0.0826667 0.0003994
0 0.320964 0.0373333 0.06013 0.072 0.000399442
0 0.314735 0 0.0574215 0 0.000401153
0 0.609967 0.928667 0.0812568 0.137333 0.000406458
0 0.6961 0.0426667 0.0671723 0.0853333 0.00043308
0 0.98727 0.194667 0.0254605 0.152 0.000434325
0 0.713434 0.112 0.0758397 0.141333 0.000449447
0 0.994312 0.416 0.0113759 0.16 0.000456748
0 0.987541 0.0646667 0.0249187 0.118667 0.000466888
0 0.486186 0.175333 0.0568797 0.14 0.000473786
0 0.98402 0.81 0.031961 0.212 0.000474704
0 0.28494 0 0.0628386 0 0.000481861
0 0.342362 0.036 0.0660888 0.0693333 0.00049335
0 0.98104 0.364667 0.0379198 0.161333 0.000498033
0 0.937161 0.662667 0.0834236 0.237333 0.000510992
0 0.340195 0.957333 0.148429 0.0853333 0.000513915
0 0.240791 0.388 0.095883 0.146667 0.000516848
0 0.463434 0 0.0536295 0 0.000521876
0 0.986999 0.266667 0.0260022 0.184 0.000523291
0 0.707205 0 0.0590466 0 0.000529165
0 0.970477 0.74 0.0568797 0.16 0.000530078
0 0.620531 0.000666667 0.0655471 0.00133333 0.00053533
0 0.433911 0.026 0.0823402 0.052 0.000542256
0 0.431203 0.084 0.0899242 0.168 0.000543127
0 0.989978 0.374 0.0200433 0.148 0.000548822
0 0.994312 0.359333 0.0113759 0.161333 0.000553247
0 0.768689 0 0.0660888 0 0.000560743
0 0.41143 0 0.0622969 0 0.000572906
0 0.237811 0.432667 0.0390032 0.126667 0.000586615
0 0.958288 0 0.0780065 0 0.000588715
0 0.342633 0.308667 0.0785482 0.137333 0.000605605
0 0.321506 0.022 0.039545 0.044 0.000605938
0 0.964789 0.93 0.0704225 0.14 0.000646431
0 0.816901 0.04 0.0790899 0.08 0.000663105
0 0.347508 0.284667 0.031961 0.0866667 0.000679484
0 0.404117 0.958 0.0476706 0.0546667 0.000691835
0 0.230228 0.665333 0.0195016 0.048 0.00073353
0 0.0268147 0.744 0.0536295 0.512 0.000733865
0 0.985915 0.403333 0.028169 0.158667 0.000789807
0 0.5 0.0953333 0.114843 0.172 0.000793075
0 0.729686 0.926 0.0758397 0.145333 0.000796179
0 0.440412 0 0.0585049 0 0.000820471
0 0.741874 0 0.0612134 0 0.000843578
0 0.762188 0.756 0.084507 0.218667 0.000852931
0 0.785211 0.024 0.0622969 0.048 0.000861292
0 0.824485 0.137333 0.0541712 0.114667 0.000869868
0 0.511376 0.0393333 0.0834236 0.0733333 0.000894379
0 0.491603 0.0993333 0.0622969 0.129333 0.000916789
0 0.713164 0.0713333 0.0579632 0.108 0.000944935
0 0.933099 0.934667 0.0850488 0.128 0.00097911
0 0.0181473 0.574667 0.0362947 0.850667 0.00104712
0 0.820152 0.0913333 0.071506 0.150667 0.00108153
0 0.513814 0.0213333 0.0547129 0.04 0.00109238
0 0.951788 0.643333 0.0465872 0.150667 0.00110283
0 0.955038 0.42 0.0899242 0.170667 0.00121581
0 0.958288 0.83 0.0812568 0.252 0.00129341
0 0.48104 0.072 0.0671723 0.130667 0.00129834
0 0.00758397 0.791333 0.0151679 0.417333 0.00132946
0 0.544691 0.0213333 0.0633803 0.04 0.00133989
0 0.405742 0.165333 0.056338 0.106667 0.00142619
0 0.503521 0.148667 0.0644637 0.0973333 0.00144435
0 0.969122 0.670667 0.0617551 0.194667 0.0017269
0 0.518147 0.153333 0.0980498 0.149333 0.00206344
0 0.464247 0.0473333 0.0628386 0.084 0.00247281
0 0.0124594 0.740667 0.0249187 0.518667 0.00260951
0 0.767064 0.924667 0.144095 0.148 0.00269205
0 0.968039 0.877333 0.063922 0.181333 0.00273696
0 0.9461 0.760667 0.0839653 0.292 0.00284547
0 0.439057 0.172667 0.0622969 0.129333 0.00292482
0 0.742687 0.0646667 0.0682557 0.113333 0.00292819
0 0.487811 0.146 0.0417118 0.0866667 0.00299065
0 0.493229 0.124 0.0482123 0.0853333 0.00382242
0 0.728061 0.0726667 0.0422535 0.0893333 0.00385568
0 0.443391 0.13 0.0742145 0.18 0.00484475
0 0.735915 0.106667 0.0633803 0.12 0.00530421
0 0.351842 0.279333 0.0189599 0.068 0.00593189
0 0.259751 0.402667 0.0557963 0.133333 0.00601171
0 0.37351 0.282 0.0644637 0.092 0.00624255
0 0.452058 0.0646667 0.0698808 0.129333 0.00644165
0 0.468039 0.153333 0.0487541 0.101333 0.00691224
0 0.954496 0.698667 0.0509209 0.186667 0.00803489
0 0.46208 0.0946667 0.0476706 0.122667 0.0101234
0 0.454496 0.022 0.0650054 0.044 0.0119828
0 0.479686 0.133333 0.0254605 0.0613333 0.0146727
0 0.420639 0.182667 0.0492958 0.101333 0.016903
0 0.26896 0.374667 0.0384615 0.0773333 0.0561918
0 0.624594 0.0386667 0.0400867 0.0773333 0.83762
0 0.406284 0.876667 0.0541712 0.201333 0.877526
0 0.766251 0.222667 0.0904659 0.12 0.884033
0 0.354821 0.408667 0.0877573 0.14 0.910225
0 0.580173 0.804667 0.0942579 0.262667 0.914353
