0 0.713434 0.930667 0.146262 0.138667 0.000102846
0 0.412784 0.0546667 0.107259 0.109333 0.000103907
0 0.737812 0.121333 0.0422535 0.136 0.000104525
0 0.839112 0.0186667 0.0910076 0.0373333 0.000104734
0 0.039545 0.111333 0.0195016 0.052 0.000105407
0 0.99052 0.548667 0.0189599 0.321333 0.000106219
0 0.643283 0 0.067714 0 0.000109311
0 0.987812 0.114667 0.024377 0.176 0.00010995
0 0.835861 0.938667 0.0617551 0.114667 0.000110691
0 0.844529 1 0.310943 0 0.000110824
0 0.817443 0.986667 0.176598 0.0266667 0.000111609
0 0.87351 0.0613333 0.0503792 0.104 0.000111672
0 0.573131 0.539333 0.0303359 0.108 0.000112638
0 0.0067714 0.324 0.0135428 0.386667 0.00011318
0 0.964518 0.428667 0.0698808 0.273333 0.000114861
0 0.947725 0.778667 0.0557963 0.136 0.000118132
0 0.569339 0.505333 0.035753 0.088 0.00011829
0 0.764897 0.00133333 0.0953413 0.00266667 0.000119509
0 0.735645 0.164 0.0455038 0.141333 0.00012116
0 0.911159 0.386667 0.15493 0.229333 0.00012149
0 0.853738 0.554 0.0801734 0.230667 0.000121988
0 0.376761 0.557333 0.0492958 0.0506667 0.000122352
0 0.400325 0.640667 0.0487541 0.084 0.000125815
0 0.030065 0.713333 0.0547129 0.08 0.000126293
0 0.463976 0.0493333 0.0449621 0.096 0.000128351
0 0.601029 0.07 0.116468 0.132 0.000129819
0 0.586132 0.822667 0.106176 0.306667 0.000131227
0 0.8513 0.036 0.0633803 0.072 0.000132501
0 0.852925 0.126667 0.0482123 0.0853333 0.000134991
0 0.245125 0.149333 0.0471289 0.072 0.000135899
0 0.0230228 0.248 0.0449621 0.477333 0.000137054
0 0.0184182 0.642 0.0368364 0.286667 0.000138715
0 0.931744 0.114 0.0422535 0.092 0.000140538
0 0.487811 0.0426667 0.0817985 0.0826667 0.000142472
0 0.337486 0 0.0899242 0 0.000142774
0 0.991062 0.924667 0.0178765 0.150667 0.000143614
0 0.590195 0 0.0612134 0 0.000147108
0 0.813922 0.916667 0.114301 0.166667 0.000148545
0 0.926598 0.188667 0.0547129 0.0946667 0.000148779
0 0.755146 0 0.056338 0 0.000149456
0 0.98727 0.566667 0.0254605 0.181333 0.000149973
0 0.874323 0 0.0877573 0 0.000154942
0 0.95585 0.756667 0.0406284 0.105333 0.000157105
0 0.771939 0.923333 0.173348 0.153333 0.000157944
0 0.931473 0.0133333 0.120802 0.0266667 0.000159537
0 0.995125 0.500667 0.00975081 0.252 0.000163949
0 0.792524 0.299333 0.0736728 0.209333 0.000167042
0 0.878386 0.498667 0.106717 0.2 0.000171034
0 0.631365 0.404667 0.0330444 0.0546667 0.000173137
0 0.945558 0.0853333 0.0471289 0.0746667 0.000174792
0 0.0132719 0.4 0.0265439 0.8 0.000182615
0 0.498375 0.000666667 0.102925 0.00133333 0.0001866
0 0.0121885 0.117333 0.024377 0.226667 0.000188194
0 0.00514626 0.114667 0.0102925 0.218667 0.000189223
0 0.276273 1 0.3987 0 0.000190697
0 0.981853 0.668 0.0362947 0.224 0.00019085
0 0.847237 0 0.0650054 0 0.000195199
0 0.799567 0.0173333 0.0606717 0.0346667 0.000220739
0 0.957476 0.721333 0.0763814 0.269333 0.000222264
0 0.994312 0.396 0.0113759 0.24 0.000231198
0 0.372698 0.0306667 0.0877573 0.0613333 0.000236066
0 0.616739 0.00333333 0.0687974 0.00666667 0.000236668
0 0.945287 0.802667 0.0801734 0.192 0.000236867
0 0.917931 0 0.0969664 0 0.000237482
0 0.828548 0.140667 0.0514626 0.105333 0.00024594
0 0.0195016 0.918667 0.0390032 0.162667 0.0002465
0 0.805796 0 0.0536295 0 0.000251139
0 0.197725 0.728667 0.020585 0.0493333 0.000260559
0 0.7026 0.02 0.0455038 0.04 0.000273673
0 0.366739 0.000666667 0.0834236 0.00133333 0.00027563
0 0.543879 0.00133333 0.0736728 0.00266667 0.000277251
0 0.803088 0.215333 0.0904659 0.230667 0.000278209
0 0.35753 0.260667 0.0444204 0.076 0.000285495
0 0.987812 0.491333 0.024377 0.182667 0.000290724
0 0.200163 0.704667 0.0308776 0.0946667 0.000304353
0 0.9461 0.046 0.102384 0.092 0.000306763
0 0.783044 0 0.0503792 0 0.000307088
0 0.744854 0.97 0.0606717 0.06 0.000308097
0 0.694204 0.0306667 0.0222102 0.0506667 0.000313358
0 0.935536 0.342667 0.092091 0.138667 0.000318718
0 0.799567 0.0613333 0.0769231 0.122667 0.00032182
0 0.459642 0.0266667 0.0276273 0.0506667 0.000321831
0 0.991062 0.424 0.0178765 0.352 0.000324051
0 0.728602 0.116667 0.0325027 0.105333 0.000324431
0 0.747562 0.247333 0.0725894 0.137333 0.000325917
0 0.988353 0.706 0.0232936 0.246667 0.000328159
0 0.579632 0.170667 0.113759 0.234667 0.000329688
0 0.463705 0.004 0.063922 0.008 0.000334787
0 0.0289816 0.837333 0.0579632 0.322667 0.000336466
0 0.842904 0.132667 0.0292524 0.0733333 0.000338301
0 0.569339 0.000666667 0.0671723 0.00133333 0.000338514
0 0.991062 0.0253333 0.0178765 0.0506667 0.000364616
0 0.463976 0.326667 0.0471289 0.141333 0.000370847
0 0.689599 0.934 0.219935 0.132 0.000373366
0 0.827194 0.0886667 0.124594 0.177333 0.000389668
0 0.988082 0.395333 0.0238353 0.206667 0.000390522
0 0.933099 0.220667 0.0774648 0.148 0.000393136
0 0.986728 0.888667 0.0265439 0.22 0.000397877
0 0.475081 0.384 0.0671723 0.122667 0.000397994
0 0.0316901 0.5 0.0633803 1 0.000408105
0 0.962622 0.342 0.0585049 0.129333 0.000411674
0 0.937974 0.210667 0.122969 0.304 0.000441102
0 0.798754 0.149333 0.113218 0.157333 0.000451617
0 0.404117 0.00733333 0.122427 0.0146667 0.000477019
0 0.433911 0.000666667 0.0899242 0.00133333 0.000479448
0 0.92416 0.145333 0.0574215 0.146667 0.000479974
0 0.281148 0.736 0.0390032 0.0666667 0.000497729
0 0.866468 0.451333 0.0763814 0.164 0.000503039
0 0.869718 0.038 0.0384615 0.068 0.000506565
0 0.97779 0.338667 0.0444204 0.16 0.000508476
0 0.617551 0.044 0.0877573 0.0826667 0.000509322
0 0.552817 0.506667 0.067714 0.101333 0.00055847
0 0.927681 0.0713333 0.141387 0.142667 0.000558974
0 0.956934 0 0.0785482 0 0.00057219
0 0.0111051 0.218667 0.0222102 0.434667 0.000572516
0 0.99377 0.218667 0.0124594 0.130667 0.000601609
0 0.022481 0.633333 0.0449621 0.72 0.000611874
0 0.773564 0.190667 0.127844 0.274667 0.000612408
0 0.96533 0.83 0.0650054 0.214667 0.000626245
0 0.990791 0 0.0184182 0 0.000631951
0 0.0135428 0.86 0.0270856 0.28 0.000681764
0 0.697725 0.917333 0.160347 0.165333 0.00080632
0 0.263543 0.518 0.0189599 0.036 0.000807876
0 0.804442 0.036 0.0574215 0.072 0.000819458
0 0.85455 0.503333 0.0557963 0.169333 0.000829102
0 0.991874 0.335333 0.0162514 0.193333 0.000867781
0 0.963164 0.33 0.0400867 0.0653333 0.000879887
0 0.0330444 0.75 0.063922 0.246667 0.000907979
0 0.469664 0.0293333 0.0650054 0.0586667 0.00101943
0 0.777086 0.934667 0.14247 0.130667 0.00133752
0 0.561213 0.897333 0.108342 0.205333 0.00141426
0 0.949621 0.322 0.0671723 0.084 0.00144642
0 0.953684 0.265333 0.0893824 0.194667 0.0014959
0 0.971289 0.775333 0.056338 0.158667 0.00155004
0 0.00595883 0.201333 0.0119177 0.402667 0.00164155
0 0.961538 0.805333 0.0433369 0.12 0.00182089
0 0.973185 0.216667 0.0536295 0.225333 0.00183917
0 0.0325027 0.756667 0.0585049 0.121333 0.00186625
0 0.987541 0.296 0.0249187 0.202667 0.00195534
0 0.482394 0.346667 0.088299 0.176 0.0020657
0 0.0135428 0.713333 0.0270856 0.573333 0.00210113
0 0.383532 0.044 0.101842 0.0853333 0.00233789
0 0.00785482 0.785333 0.0157096 0.429333 0.00300133
0 0.75623 0.946 0.0812568 0.1 0.00331614
0 0.981582 0.261333 0.0368364 0.2 0.00377773
0 0.99052 0.167333 0.0189599 0.196 0.00453418
0 0.789003 0.259333 0.0579632 0.14 0.0051364
0 0.952871 0.15 0.0942579 0.228 0.00521954
0 0.704496 0.028 0.0460455 0.056 0.00540573
0 0.989978 0.239333 0.0200433 0.161333 0.00923574
0 0.0360238 0.736 0.0503792 0.0586667 0.00977446
0 0.572319 0.920667 0.0742145 0.150667 0.0111449
0 0.776273 0.254667 0.0314193 0.125333 0.0120704
0 0.577194 0.502 0.0189599 0.076 0.0140454
0 0.778169 0.891333 0.169556 0.204 0.0243246
0 0.964518 0.0626667 0.0698808 0.122667 0.0306967
0 0.729144 0.936 0.102925 0.125333 0.0550968
0 0.850217 0.460667 0.0492958 0.124 0.0679755
0 0.462622 0.368667 0.0465872 0.0893333 0.843641
0 0.374323 0.618667 0.0931744 0.136 0.908797
0 0.723456 0.45 0.0796316 0.238667 0.936904
