0 0.734832 0 0.0893824 0 0.000100558
0 0.45883 0.158667 0.0585049 0.128 0.000101083
0 0.447725 0.351333 0.0449621 0.113333 0.000101096
0 0.806067 0.546 0.112676 0.214667 0.000101282
0 0.81961 0.285333 0.0617551 0.0933333 0.000101391
0 0.0216685 0.494667 0.0433369 0.989333 0.000103028
0 0.341008 0.6 0.0796316 0.162667 0.000103349
0 0.972373 0.847333 0.0552546 0.225333 0.000104353
0 0.477248 0.509333 0.0834236 0.269333 0.00010437
0 0.634074 0.18 0.0817985 0.181333 0.000104692
0 0.635699 0.0233333 0.088299 0.0466667 0.000104872
0 0.559588 0.914667 0.106176 0.165333 0.000105185
0 0.231582 0.340667 0.0471289 0.126667 0.000105584
0 0.874052 0.930667 0.192308 0.138667 0.00010605
0 0.270585 0.772667 0.067714 0.172 0.000106147
0 0.429036 0.508667 0.118093 0.212 0.000106179
0 0.416576 0.945333 0.0617551 0.109333 0.000107239
0 0.919285 0.0293333 0.149512 0.0586667 0.000107401
0 0.574756 0.132 0.0487541 0.104 0.000108263
0 0.274106 1 0.241603 0 0.00011081
0 0.16143 1 0.279523 0 0.000111008
0 0.300108 0.546667 0.188516 0.456 0.000111225
0 0.218581 0.363333 0.0590466 0.0973333 0.000111444
0 0.696371 0.0486667 0.0861322 0.0946667 0.000111758
0 0.722373 0.37 0.095883 0.156 0.000112005
0 0.237541 0.572 0.0980498 0.392 0.000112484
0 0.841549 0.920667 0.154388 0.158667 0.000114372
0 0.707476 0 0.0758397 0 0.000116052
0 0.505146 0.0106667 0.0904659 0.0213333 0.000117213
0 0.771398 0.494 0.0552546 0.124 0.000117494
0 0.548483 0 0.0828819 0 0.00011842
0 0.356988 0.004 0.143012 0.008 0.000122123
0 0.60455 0.643333 0.0585049 0.0733333 0.000123398
0 0.235645 0.484 0.0509209 0.130667 0.000124398
0 0.449892 0.108667 0.0893824 0.193333 0.000124708
0 0.813109 0.964 0.150596 0.072 0.00012646
0 0.556067 1 0.0731311 0 0.000127664
0 0.796858 0.0373333 0.0790899 0.0746667 0.000127977
0 0.319881 0.062 0.0947996 0.124 0.00013071
0 0.258397 0.188 0.0877573 0.330667 0.000131952
0 0.358342 0.289333 0.0763814 0.157333 0.00013235
0 0.911701 0.905333 0.16468 0.189333 0.00013279
0 0.0116468 0.180667 0.0232936 0.358667 0.000134251
0 0.467768 0.950667 0.1013 0.0986667 0.000134621
0 0.766251 0.93 0.144637 0.14 0.000136008
0 0.572589 0.276667 0.0877573 0.230667 0.000136782
0 0.324756 0.468 0.052546 0.136 0.000137128
0 0.745395 1 0.163597 0 0.000137441
0 0.96533 0.00333333 0.0682557 0.00666667 0.000140684
0 0.657367 0.986667 0.0980498 0.0266667 0.000141197
0 0.00731311 0.809333 0.0146262 0.376 0.000141235
0 0.675244 0.314667 0.0785482 0.138667 0.000143878
0 0.360238 0.556 0.071506 0.197333 0.000144007
0 0.337486 0.352 0.0747562 0.253333 0.00014634
0 0.20585 0 0.0823402 0 0.000146811
0 0.261105 0.850667 0.0455038 0.122667 0.000147835
0 0.377573 0.616667 0.104009 0.209333 0.000148051
0 0.988353 0.733333 0.0232936 0.202667 0.000148902
0 0.356717 0.941333 0.10455 0.117333 0.000152851
0 0.38597 0.951333 0.0503792 0.0946667 0.000154103
0 0.266522 0.617333 0.106176 0.248 0.000155154
0 0.235915 0 0.0785482 0 0.000155605
0 0.923619 0.842667 0.127844 0.266667 0.000157815
0 0.452058 0.632 0.0937161 0.229333 0.000159484
0 0.707205 0.277333 0.0612134 0.144 0.000159525
0 0.703142 0.194 0.0682557 0.174667 0.000160776
0 0.803088 0.944 0.140303 0.112 0.000162066
0 0.585861 0.124667 0.0579632 0.142667 0.000165055
0 0.366468 0.610667 0.0265439 0.0693333 0.000165903
0 0.694475 0.244 0.0585049 0.12 0.000165969
0 0.992958 0.268 0.0140845 0.128 0.000166614
0 0.607801 0.0566667 0.063922 0.105333 0.000168794
0 0.532232 1 0.209642 0 0.000170299
0 0.992145 0.05 0.0157096 0.1 0.000170458
0 0.96506 0.360667 0.0698808 0.158667 0.000172152
0 0.416576 0.570667 0.071506 0.138667 0.000172687
0 0.589382 0.864667 0.063922 0.196 0.000173907
0 0.356988 0.744667 0.11701 0.342667 0.000175555
0 0.362405 0.666667 0.0422535 0.186667 0.000177864
0 0.294962 0.672667 0.155471 0.406667 0.000178527
0 0.427681 0.39 0.0720477 0.148 0.000182661
0 0.394637 0.540667 0.111051 0.174667 0.000183859
0 0.601842 0.766 0.0769231 0.262667 0.000185653
0 0.955309 0.184667 0.0817985 0.257333 0.000185688
0 0.50325 0 0.0725894 0 0.000186012
0 0.498104 0.259333 0.0633803 0.177333 0.000187493
0 0.490249 0.585333 0.0628386 0.141333 0.000187524
0 0.358342 0.780667 0.236728 0.433333 0.000190544
0 0.262459 0.00133333 0.0731311 0.00266667 0.00019362
0 0.409534 0.032 0.0628386 0.0613333 0.000196074
0 0.579632 0 0.063922 0 0.000196798
0 0.984561 0.00133333 0.0308776 0.00266667 0.00019725
0 0.62351 0 0.0769231 0 0.000197565
0 0.439599 0.0686667 0.0774648 0.132 0.000199763
0 0.371614 0.0586667 0.133261 0.117333 0.000203283
0 0.226706 0.668667 0.0514626 0.110667 0.000203916
0 0.238082 0.729333 0.0384615 0.122667 0.000208308
0 0.701788 0.342667 0.052546 0.122667 0.000209636
0 0.375677 0.414 0.0557963 0.1 0.000210311
0 0.976706 0.285333 0.0465872 0.181333 0.000210597
0 0.547942 0.0453333 0.0460455 0.0906667 0.000211397
0 0.463705 1 0.183099 0 0.000212443
0 0.92416 0.0493333 0.111593 0.0986667 0.000215054
0 0.763814 0.488 0.0314193 0.072 0.000219173
0 0.255688 0.672 0.0747562 0.146667 0.000219321
0 0.288732 0.0253333 0.110509 0.0506667 0.00021938
0 0.482394 1 0.0687974 0 0.000219411
0 0.99052 0 0.0189599 0 0.000219568
0 0.709372 0.173333 0.119718 0.189333 0.000220313
0 0.452871 0.884 0.0780065 0.221333 0.000220982
0 0.396533 0.366 0.0877573 0.225333 0.000224657
0 0.428223 0.6 0.100217 0.181333 0.000224892
0 0.588028 0.0206667 0.0752979 0.0413333 0.000225293
0 0.48429 0.3 0.0574215 0.117333 0.000231341
0 0.960184 0.0713333 0.0796316 0.142667 0.000236432
0 0.988895 0.400667 0.0222102 0.142667 0.000237031
0 0.611593 0.673333 0.0552546 0.0773333 0.000237216
0 0.785753 0.465333 0.0904659 0.256 0.000242692
0 0.32909 0 0.0796316 0 0.000245142
0 0.563109 0.180667 0.0709642 0.254667 0.000253267
0 0.584778 0.152667 0.0417118 0.108 0.000257893
0 0.228061 0.692667 0.035753 0.0626667 0.000258964
0 0.407638 0 0.0817985 0 0.000259009
0 0.587216 0.203333 0.063922 0.150667 0.000279478
0 0.374323 1 0.195016 0 0.000282278
0 0.487811 0.145333 0.0861322 0.162667 0.000285703
0 0.698808 0.303333 0.0498375 0.110667 0.000285924
0 0.426598 0.930667 0.109967 0.138667 0.000287234
0 0.249187 0.139333 0.0530878 0.105333 0.00028827
0 0.636782 1 0.0828819 0 0.000291322
0 0.0135428 0.683333 0.0270856 0.633333 0.000293589
0 0.339924 0.432 0.0698808 0.168 0.000294041
0 0.67389 0.225333 0.0682557 0.12 0.000303038
0 0.953413 0.868 0.0823402 0.258667 0.000306879
0 0.549296 0.176667 0.056338 0.129333 0.000307964
0 0.513814 0.111333 0.0687974 0.18 0.00030893
0 0.704225 1 0.126761 0 0.000312628
0 0.934995 0 0.128927 0 0.000314409
0 0.335049 1 0.0763814 0 0.000318344
0 0.959372 0.252667 0.0790899 0.158667 0.000318697
0 0.353196 0 0.0628386 0 0.000327816
0 0.25 0.758 0.0655471 0.238667 0.000335679
0 0.599946 0.000666667 0.067714 0.00133333 0.000340823
0 0.674973 0.272 0.0953413 0.173333 0.000340906
0 0.926598 1 0.0947996 0 0.000348833
0 0.390845 0.0146667 0.106717 0.0293333 0.000351475
0 0.613759 0.901333 0.0942579 0.197333 0.000354012
0 0.448537 0.307333 0.0530878 0.102667 0.000367732
0 0.624052 0.674667 0.0314193 0.056 0.000368162
0 0.448267 0.004 0.0633803 0.008 0.00037167
0 0.5539 0.338 0.0622969 0.166667 0.000374972
0 0.617822 0.722 0.0557963 0.166667 0.000382828
0 0.985103 0.121333 0.0297941 0.210667 0.000385663
0 0.991333 0.22 0.0173348 0.162667 0.000390772
0 0.989166 0.334667 0.0216685 0.138667 0.000399978
0 0.473456 0.871333 0.0530878 0.236 0.000400241
0 0.408451 1 0.0780065 0 0.000402216
0 0.89247 1 0.203142 0 0.000409598
0 0.444745 0.588667 0.0552546 0.145333 0.000410424
0 0.44312 0.932 0.0498375 0.130667 0.000412309
0 0.439057 0.555333 0.0796316 0.134667 0.000412961
0 0.682015 0.283333 0.0617551 0.105333 0.000424613
0 0.739707 0.946 0.157638 0.108 0.000441027
0 0.620531 0.694667 0.0417118 0.104 0.000443643
0 0.605092 0.142667 0.0650054 0.162667 0.000447606
0 0.293337 0.000666667 0.0861322 0.00133333 0.000450237
0 0.527627 0.245333 0.0985916 0.234667 0.000463586
0 0.988624 0.278 0.0227519 0.156 0.000473599
0 0.47156 0 0.067714 0 0.000493327
0 0.375948 0 0.0671723 0 0.000500631
0 0.990791 0.157333 0.0184182 0.192 0.000500701
0 0.682828 1 0.219393 0 0.000517727
0 0.58532 0.905333 0.0362947 0.112 0.000527544
0 0.232665 0.495333 0.0612134 0.305333 0.000529075
0 0.464518 0.326 0.0872156 0.169333 0.000540938
0 0.685536 0.218667 0.0817985 0.181333 0.000541842
0 0.706392 1 0.0910076 0 0.000549781
0 0.779252 1 0.0904659 0 0.000571426
0 0.854009 1 0.0926327 0 0.000587403
0 0.256501 0.122667 0.0687974 0.224 0.000594866
0 0.370531 0.353333 0.0736728 0.253333 0.000596851
0 0.357801 0.475333 0.0828819 0.193333 0.00060366
0 0.532503 0.088 0.0140845 0.0506667 0.000607427
0 0.865385 0.652667 0.116468 0.222667 0.000612746
0 0.475894 0.542667 0.052546 0.205333 0.000628168
0 0.297942 0.0453333 0.0942579 0.088 0.000640565
0 0.232394 0.698667 0.0216685 0.0426667 0.000649081
0 0.392741 0.417333 0.0769231 0.146667 0.000666459
0 0.685265 0.141333 0.0985916 0.144 0.000675259
0 0.945016 0.786667 0.0633803 0.152 0.000705473
0 0.590466 0.922 0.0834236 0.156 0.000733283
0 0.658992 0.227333 0.0785482 0.188 0.000746413
0 0.655742 0.0913333 0.0861322 0.182667 0.000809403
0 0.771127 1 0.258397 0 0.000812196
0 0.288732 0.863333 0.0953413 0.230667 0.000827492
0 0.684453 0.182667 0.0547129 0.149333 0.000832649
0 0.466143 0.581333 0.0568797 0.189333 0.000891626
0 0.74675 0.538 0.122969 0.209333 0.000899896
0 0.817443 0.904667 0.118093 0.190667 0.000904439
0 0.336403 0.693333 0.0769231 0.266667 0.000967041
0 0.606988 0.086 0.0373781 0.084 0.00107675
0 0.538732 0.064 0.0265439 0.096 0.00109393
0 0.236999 0.68 0.031961 0.08 0.00109722
0 0.282774 0.94 0.0498375 0.117333 0.00111164
0 0.231582 0.08 0.0904659 0.154667 0.00113135
0 0.480769 0.918 0.0731311 0.158667 0.00118268
0 0.28169 0.08 0.109426 0.154667 0.00118418
0 0.507313 0.175333 0.0536295 0.14 0.00120043
0 0.478602 0.174667 0.0308776 0.0986667 0.00126319
0 0.545775 0.082 0.0438787 0.116 0.0013018
0 0.578277 0.076 0.0731311 0.149333 0.00134567
0 0.555255 0.304667 0.0498375 0.108 0.00140632
0 0.466685 0.267333 0.0774648 0.190667 0.0014288
0 0.989166 0.084 0.0216685 0.16 0.00144293
0 0.400596 0.0506667 0.0937161 0.101333 0.0017028
0 0.467497 0.169333 0.0162514 0.0826667 0.00188735
0 0.675785 0.151333 0.0417118 0.092 0.00229137
0 0.920639 0.782667 0.107801 0.181333 0.00229936
0 0.643283 0.0833333 0.0503792 0.1 0.00252578
0 0.66441 0.178 0.0720477 0.166667 0.0026977
0 0.280878 0.972 0.0427952 0.056 0.00288772
0 0.237811 0.64 0.0444204 0.157333 0.00298422
0 0.580715 0.04 0.0660888 0.08 0.00310903
0 0.466956 0.563333 0.0455038 0.110667 0.00332242
0 0.23429 0.578 0.052546 0.265333 0.0034796
0 0.473185 0.65 0.052546 0.236 0.00447465
0 0.588028 0.921333 0.0687974 0.157333 0.00499619
0 0.489437 0.200667 0.0796316 0.166667 0.00529071
0 0.462351 0.186667 0.0417118 0.12 0.00541762
0 0.424973 0.052 0.0460455 0.101333 0.00583731
0 0.64572 0.126 0.0455038 0.110667 0.00604823
0 0.62351 0.092 0.0758397 0.144 0.00611517
0 0.777898 0.530667 0.0671723 0.178667 0.00735454
0 0.554171 0.235333 0.0585049 0.228 0.00742839
0 0.466956 0.209333 0.0693391 0.162667 0.00934852
0 0.638137 0.132667 0.0769231 0.14 0.00938523
0 0.473727 0.594 0.0330444 0.121333 0.0128998
0 0.25325 0.068 0.0547129 0.130667 0.025451
0 0.462893 0.931333 0.0417118 0.134667 0.0482366
0 0.272752 0.898667 0.0687974 0.202667 0.109031
0 0.662243 0.130667 0.0687974 0.125333 0.117409
0 0.304713 0.817333 0.133803 0.349333 0.140101
0 0.892199 0.687333 0.084507 0.278667 0.785815
0 0.337486 0.767333 0.0595883 0.246667 0.828037
0 0.578277 0.511333 0.0547129 0.204 0.881725
