0 0.991062 0.863333 0.0178765 0.217333 0.000100245
0 0.687703 0.09 0.0406284 0.084 0.000100509
0 0.750542 0.381333 0.0362947 0.0666667 0.000100713
0 0.681473 0 0.119177 0 0.000101045
0 0.440412 0.0633333 0.0487541 0.124 0.000101989
0 0.52221 0.794 0.0433369 0.092 0.000102621
0 0.684453 0.267333 0.0471289 0.0813333 0.000102897
0 0.771127 0.134667 0.0427952 0.08 0.000103246
0 0.78467 0.326667 0.0893824 0.181333 0.000104255
0 0.502709 0.740667 0.0476706 0.110667 0.000104628
0 0.665764 0.237333 0.035753 0.064 0.000105308
0 0.991062 0.204667 0.0178765 0.198667 0.000105942
0 0.829902 0.450667 0.0834236 0.109333 0.00010722
0 0.382449 0.572667 0.020585 0.0386667 0.000108027
0 0.989978 0.604 0.0200433 0.218667 0.000108542
0 0.724269 0.348 0.0541712 0.0986667 0.000109246
0 0.745395 0.444667 0.0444204 0.084 0.000109442
0 0.646533 0.937333 0.0557963 0.122667 0.000109623
0 0.454496 0.072 0.0346696 0.122667 0.000110218
0 0.966143 0.403333 0.067714 0.364 0.000110332
0 0.990249 0 0.0195016 0 0.000110842
0 0.760834 0.394 0.0547129 0.121333 0.000110964
0 0.986999 0.592 0.0260022 0.416 0.000111869
0 0.620802 0.347333 0.0509209 0.092 0.000112652
0 0.677411 0.214667 0.0276273 0.0693333 0.000113566
0 0.902492 0.495333 0.0476706 0.076 0.000113854
0 0.965601 0.393333 0.0622969 0.192 0.000115563
0 0.782774 0.796 0.0422535 0.0853333 0.000115894
0 0.533315 0.0886667 0.0362947 0.0946667 0.000116497
0 0.292254 0 0.0926327 0 0.000116998
0 0.351842 0.103333 0.0742145 0.174667 0.000118021
0 0.992416 0.798667 0.0151679 0.189333 0.000118143
0 0.248375 0.158667 0.0817985 0.221333 0.000118423
0 0.814464 0.476 0.0796316 0.0693333 0.000119329
0 0.781961 0.388 0.0557963 0.08 0.000120051
0 0.427681 0.578667 0.0287107 0.0346667 0.00012139
0 0.620531 0.556 0.0612134 0.114667 0.000121504
0 0.763814 0.117333 0.0455038 0.0613333 0.000122819
0 0.657638 0.440667 0.0606717 0.110667 0.000122898
0 0.540358 0.0386667 0.052546 0.0773333 0.000125025
0 0.670368 0.376 0.0709642 0.112 0.000126505
0 0.889491 0.415333 0.171181 0.206667 0.000126758
0 0.514626 0.678667 0.0552546 0.117333 0.000127444
0 0.566901 0.192667 0.0178765 0.0546667 0.000127453
0 0.417118 0.578667 0.0422535 0.0453333 0.000127974
0 0.793608 0.272667 0.24052 0.489333 0.00012848
0 0.657096 0.312 0.0585049 0.12 0.000131365
0 0.665222 0.382667 0.0530878 0.064 0.000132326
0 0.793337 0.454667 0.0557963 0.0853333 0.000132886
0 0.709101 0.705333 0.056338 0.162667 0.000136268
0 0.346425 0.732 0.0406284 0.114667 0.000137082
0 0.928223 0.322 0.0384615 0.0653333 0.00013753
0 0.687161 0.357333 0.0590466 0.101333 0.000137615
0 0.407367 0.389333 0.0335861 0.0506667 0.000138755
0 0.612405 0.605333 0.0178765 0.0426667 0.000139258
0 0.536295 0.779333 0.0400867 0.1 0.000141222
0 0.797129 0.39 0.0666305 0.185333 0.000141561
0 0.5948 0.630667 0.0552546 0.125333 0.00014186
0 0.375677 0.0646667 0.0427952 0.121333 0.000148471
0 0.586403 0.331333 0.0503792 0.084 0.00014869
0 0.710455 0.414667 0.0341278 0.0746667 0.000149883
0 0.99052 0.344667 0.0189599 0.188 0.000151421
0 0.922806 0.2 0.0752979 0.128 0.000152559
0 0.581257 0.108667 0.0509209 0.1 0.000153545
0 0.643012 0.262 0.0541712 0.0786667 0.000154511
0 0.529523 0.116 0.0297941 0.0613333 0.000155563
0 0.244583 0.296 0.0146262 0.032 0.000156416
0 0.68662 0.446 0.0590466 0.1 0.000156554
0 0.533586 0.95 0.0476706 0.092 0.000156735
0 0.459101 0.494667 0.0265439 0.0533333 0.000157024
0 0.654117 0.0373333 0.0406284 0.0746667 0.000157094
0 0.649242 0.229333 0.0503792 0.0746667 0.000158871
0 0.561213 0.274667 0.0216685 0.0613333 0.000159336
0 0.605363 0.312667 0.0352113 0.0813333 0.0001638
0 0.563651 0.0246667 0.0417118 0.0493333 0.000164418
0 0.581528 0.285333 0.0644637 0.0986667 0.00016678
0 0.941766 0.92 0.105634 0.16 0.00016711
0 0.914951 0.763333 0.0704225 0.265333 0.000169165
0 0.981853 0.391333 0.0362947 0.214667 0.000173528
0 0.657909 0.587333 0.0427952 0.113333 0.000173941
0 0.574756 0.164667 0.035753 0.0866667 0.000174052
0 0.496208 0.376 0.020585 0.0506667 0.000180905
0 0.549567 0 0.0861322 0 0.000181094
0 0.500542 0.339333 0.0173348 0.0466667 0.000181893
0 0.806338 0.268 0.06013 0.194667 0.000182397
0 0.323944 0 0.0574215 0 0.000182663
0 0.5474 0.296 0.0449621 0.0906667 0.000184791
0 0.507584 0 0.104009 0 0.000186132
0 0.54117 0.00133333 0.0552546 0.00266667 0.000186167
0 0.286295 0.129333 0.154388 0.258667 0.000189947
0 0.809859 0.369333 0.128927 0.245333 0.000191951
0 0.34805 0.300667 0.0189599 0.0546667 0.000196187
0 0.693391 0.308 0.0704225 0.146667 0.0001971
0 0.716414 0.294 0.0590466 0.0866667 0.000197974
0 0.926598 0.696667 0.0937161 0.185333 0.000203385
0 0.981582 0.551333 0.0368364 0.254667 0.000203546
0 0.732936 0.436 0.0433369 0.0773333 0.00020722
0 0.586132 0 0.0866739 0 0.00021219
0 0.44312 0.125333 0.0487541 0.109333 0.00021528
0 0.654388 0.362667 0.0465872 0.08 0.000221489
0 0.691495 0.953333 0.0417118 0.0853333 0.000221634
0 0.257855 0.24 0.0758397 0.149333 0.000225728
0 0.5539 0.125333 0.0427952 0.104 0.000227563
0 0.716685 0.638 0.105092 0.310667 0.000228348
0 0.697183 0.648 0.0325027 0.0933333 0.000235143
0 0.766251 0.383333 0.0417118 0.0653333 0.000240142
0 0.373781 0.0393333 0.0520043 0.0786667 0.000240409
0 0.471018 0 0.0612134 0 0.000240932
0 0.56013 0.334 0.0227519 0.0466667 0.000244183
0 0.401408 0.322667 0.0108342 0.0373333 0.000251635
0 0.45585 0.0186667 0.0287107 0.0373333 0.000252763
0 0.599675 0.582 0.0444204 0.0946667 0.000254199
0 0.338299 0.022 0.0449621 0.044 0.000258593
0 0.640033 0.582667 0.0514626 0.096 0.00025865
0 0.973185 0.477333 0.0536295 0.168 0.000261957
0 0.805525 0.320667 0.0541712 0.158667 0.000269815
0 0.433099 0.55 0.0427952 0.0626667 0.000270752
0 0.625135 0.306667 0.0552546 0.12 0.00027988
0 0.429307 0.163333 0.0265439 0.0573333 0.000280963
0 0.681744 0.11 0.0330444 0.06 0.000282292
0 0.459642 0.006 0.0406284 0.012 0.000286518
0 0.577194 0.002 0.0536295 0.004 0.000289177
0 0.440141 0.0193333 0.0492958 0.0386667 0.000289928
0 0.843716 0.052 0.095883 0.101333 0.000290653
0 0.702329 0.586 0.0687974 0.121333 0.000291165
0 0.565276 0.216667 0.0276273 0.092 0.000297393
0 0.89247 0.418667 0.0590466 0.0933333 0.000297844
0 0.887324 0.495333 0.0520043 0.0706667 0.000301467
0 0.630823 0.000666667 0.117551 0.00133333 0.000304397
0 0.426327 0.294667 0.0585049 0.117333 0.000305075
0 0.929577 0.257333 0.118093 0.189333 0.000307038
0 0.773294 0.0733333 0.0731311 0.128 0.000307875
0 0.703955 0.628667 0.0449621 0.132 0.000308459
0 0.0343987 0.5 0.0687974 1 0.000312411
0 0.469122 0.0306667 0.0509209 0.0613333 0.000316346
0 0.241874 0.288 0.0211268 0.0453333 0.000328001
0 0.455038 0.303333 0.0119177 0.052 0.000328074
0 0.435807 0.52 0.0536295 0.106667 0.000331986
0 0.903575 0.924667 0.0747562 0.145333 0.000334198
0 0.866739 0.464 0.0769231 0.0986667 0.000336383
0 0.48429 0.774667 0.035753 0.088 0.000339725
0 0.454767 0.0393333 0.031961 0.0733333 0.000341196
0 0.0132719 0.704667 0.0265439 0.590667 0.000345418
0 0.811213 0.412 0.0482123 0.104 0.000357679
0 0.478873 0.614 0.0411701 0.0866667 0.00035871
0 0.343174 0.00133333 0.0622969 0.00266667 0.00036048
0 0.420368 0 0.0985916 0 0.00036641
0 0.518418 0.818667 0.0758397 0.146667 0.000372509
0 0.502167 0.702667 0.0823402 0.144 0.000380214
0 0.657909 0.594667 0.0211268 0.0693333 0.000381326
0 0.605634 0.276 0.0444204 0.0933333 0.000381506
0 0.680661 0.442 0.0384615 0.0706667 0.000381987
0 0.986999 0.504667 0.0260022 0.177333 0.00038562
0 0.454767 0.321333 0.0092091 0.032 0.000389741
0 0.372969 0.002 0.088299 0.004 0.0003917
0 0.242145 0.170667 0.0682557 0.125333 0.000399735
0 0.568797 0.654 0.035753 0.068 0.000411291
0 0.745395 0.677333 0.0736728 0.168 0.000425396
0 0.0173348 0.5 0.0346696 1 0.000440787
0 0.988082 0.450667 0.0238353 0.170667 0.000454168
0 0.468039 0.0846667 0.0617551 0.161333 0.000457026
0 0.818256 0.0566667 0.0460455 0.0706667 0.000461719
0 0.545504 0.938667 0.0390032 0.08 0.000464494
0 0.752167 0.108 0.0384615 0.0586667 0.000477657
0 0.662514 0.928667 0.0314193 0.105333 0.000493993
0 0.555796 0.0786667 0.0400867 0.104 0.000497842
0 0.295775 0.305333 0.0162514 0.04 0.000502561
0 0.28467 0.332 0.0406284 0.0986667 0.000506015
0 0.00975081 0.818667 0.0195016 0.36 0.000511689
0 0.682015 0.230667 0.0346696 0.056 0.000513843
0 0.696912 0.678667 0.0482123 0.128 0.000518586
0 0.559317 0.324 0.0146262 0.032 0.000523787
0 0.571235 0.194667 0.0308776 0.0933333 0.000549814
0 0.680119 0.928667 0.0742145 0.134667 0.000613594
0 0.61078 0.770667 0.0265439 0.064 0.000645773
0 0.545775 0.872667 0.0297941 0.116 0.000651556
0 0.471018 0.669333 0.0373781 0.117333 0.000664651
0 0.838299 0.459333 0.0417118 0.076 0.000710816
0 0.589382 0.0426667 0.0422535 0.0853333 0.000726308
0 0.753521 0.0706667 0.0476706 0.130667 0.000770896
0 0.536295 0.862 0.0476706 0.198667 0.00077135
0 0.636782 0.0413333 0.0460455 0.0826667 0.000791449
0 0.442037 0.0313333 0.0400867 0.0573333 0.000794224
0 0.615114 0.293333 0.0341278 0.0746667 0.000804246
0 0.567172 0.153333 0.0303359 0.072 0.000806982
0 0.504605 0.329333 0.0102925 0.0293333 0.000826523
0 0.664139 0.613333 0.0335861 0.101333 0.000877737
0 0.333965 0.038 0.0503792 0.0706667 0.000886451
0 0.852925 0.0833333 0.249729 0.166667 0.000941108
0 0.848862 0.476 0.0455038 0.064 0.00100458
0 0.609697 0.57 0.039545 0.0866667 0.00103415
0 0.60428 0.245333 0.0471289 0.0746667 0.00105733
0 0.57909 0.068 0.063922 0.130667 0.00117454
0 0.814464 0.385333 0.0330444 0.0533333 0.00122715
0 0.559047 0.111333 0.0325027 0.068 0.00123171
0 0.444745 0.166 0.0552546 0.1 0.00124703
0 0.902763 0.708 0.0449621 0.16 0.00128265
0 0.64545 0.423333 0.0460455 0.0946667 0.00130676
0 0.904117 0.234667 0.0671723 0.0933333 0.00139931
0 0.356446 0.0293333 0.0368364 0.0586667 0.00143097
0 0.344529 0.0813333 0.0465872 0.117333 0.00146942
0 0.719393 0.631333 0.0628386 0.148 0.00148149
0 0.867551 0.332667 0.134886 0.329333 0.00148986
0 0.613489 0.228667 0.0482123 0.1 0.00149042
0 0.363489 0.054 0.0411701 0.105333 0.0014933
0 0.608613 0.797333 0.0297941 0.12 0.00150186
0 0.220748 0.373333 0.0157096 0.0773333 0.00150796
0 0.453413 0.504 0.0184182 0.0613333 0.00160697
0 0.348862 0.317333 0.0184182 0.0533333 0.00164437
0 0.216685 0.353333 0.0227519 0.0986667 0.00166472
0 0.627031 0.240667 0.0460455 0.0786667 0.00186507
0 0.671723 0.424 0.0704225 0.096 0.00197616
0 0.481311 0.726667 0.0384615 0.138667 0.00205576
0 0.710455 0.589333 0.0427952 0.0746667 0.00222364
0 0.567443 0.0453333 0.0384615 0.088 0.0023994
0 0.69935 0.430667 0.0628386 0.0773333 0.00247989
0 0.858072 0.430667 0.0747562 0.133333 0.00248005
0 0.622969 0.271333 0.0509209 0.0946667 0.00257049
0 0.593987 0.214667 0.0763814 0.133333 0.00264516
0 0.451246 0.0286667 0.0227519 0.044 0.00284071
0 0.559317 0.317333 0.0276273 0.048 0.00294702
0 0.93039 0.171333 0.119718 0.230667 0.00301411
0 0.650325 0.4 0.039545 0.0533333 0.00326247
0 0.67389 0.235333 0.0260022 0.052 0.00342832
0 0.921452 0.93 0.0530878 0.126667 0.00382851
0 0.649512 0.368667 0.0335861 0.052 0.00388982
0 0.898158 0.676667 0.0325027 0.1 0.00402726
0 0.346696 0.05 0.0552546 0.0973333 0.00488691
0 0.537107 0.486 0.0503792 0.0653333 0.00508004
0 0.678765 0.628 0.063922 0.141333 0.00575358
0 0.797129 0.07 0.133803 0.14 0.00709765
0 0.547129 0.785333 0.0292524 0.130667 0.00742073
0 0.489707 0.678667 0.0574215 0.096 0.0183285
0 0.880823 0.252667 0.218852 0.5 0.0197496
0 0.548483 0.314 0.039545 0.0493333 0.0207068
0 0.6487 0.387333 0.0352113 0.0386667 0.0220348
0 0.699079 0.254 0.0633803 0.113333 0.0591391
0 0.616468 0.254667 0.0379198 0.0666667 0.113712
0 0.477248 0.690667 0.0314193 0.08 0.807813
0 0.79117 0.478 0.0514626 0.0573333 0.813287
0 0.542253 0.824 0.035753 0.138667 0.83053
0 0.536295 0.423333 0.0520043 0.0573333 0.874229
0 0.79442 0.836 0.0687974 0.136 0.905392
