0 0.821777 0.747333 0.0487541 0.0946667 0.000100627
0 0.919556 0.469333 0.0720477 0.101333 0.00010071
0 0.83234 0.928 0.0709642 0.128 0.00010102
0 0.666847 0.280667 0.0184182 0.0546667 0.000101886
0 0.494041 0.775333 0.0498375 0.1 0.000102157
0 0.829632 0.811333 0.0341278 0.0946667 0.00010224
0 0.0105634 0.739333 0.0211268 0.510667 0.000102892
0 0.484832 0.404 0.0530878 0.101333 0.000102948
0 0.925785 0.0206667 0.0704225 0.0413333 0.000104247
0 0.646533 0.711333 0.0731311 0.204 0.000104614
0 0.98727 0.996667 0.024377 0.00666667 0.000104937
0 0.520314 0.219333 0.0384615 0.0733333 0.000105536
0 0.948537 0.268667 0.0530878 0.102667 0.000106177
0 0.571235 0.164 0.0612134 0.125333 0.000106832
0 0.740791 0.006 0.0362947 0.012 0.000107001
0 0.682286 0.663333 0.0297941 0.0813333 0.000108553
0 0.670639 0.379333 0.0455038 0.06 0.000108569
0 0.852654 0.404667 0.056338 0.102667 0.000109674
0 0.63597 0.094 0.0325027 0.0706667 0.000110352
0 0.671452 0.0226667 0.0612134 0.0453333 0.000110697
0 0.971831 0.661333 0.0552546 0.181333 0.000111162
0 0.417118 0.642667 0.020585 0.0506667 0.000111168
0 0.99377 0.426 0.0124594 0.14 0.000111325
0 0.722644 0.766 0.0400867 0.158667 0.000111751
0 0.599675 0.321333 0.0411701 0.072 0.000111834
0 0.631094 0.639333 0.0509209 0.145333 0.000112403
0 0.980228 0.728667 0.0384615 0.129333 0.000114073
0 0.513543 0.648667 0.056338 0.118667 0.000114312
0 0.778982 0.256667 0.035753 0.0893333 0.000115535
0 0.678494 0 0.0644637 0 0.000118147
0 0.992416 0.640667 0.0151679 0.169333 0.000118285
0 0.581257 0 0.0498375 0 0.000120488
0 0.660888 0.269333 0.0151679 0.064 0.000124616
0 0.744583 1 0.031961 0 0.000126243
0 0.527898 0.590667 0.0417118 0.0906667 0.000126565
0 0.578819 0.536667 0.146804 0.329333 0.000127414
0 0.0113759 0.274667 0.0227519 0.549333 0.000127807
0 0.589112 0.752667 0.0633803 0.129333 0.000128972
0 0.355363 0.717333 0.0823402 0.176 0.000129015
0 0.839112 0.71 0.0530878 0.14 0.000131509
0 0.773564 0.717333 0.0617551 0.109333 0.000131813
0 0.688245 0.718 0.0503792 0.148 0.000132483
0 0.742687 0.741333 0.0422535 0.125333 0.000133682
0 0.697183 0 0.0606717 0 0.000133957
0 0.878115 0.159333 0.0335861 0.0733333 0.000134512
0 0.984561 0.499333 0.0297941 0.092 0.000134703
0 0.430119 0.436667 0.0390032 0.0626667 0.000134719
0 0.84182 0.12 0.0195016 0.0533333 0.000135535
0 0.938787 0.588667 0.0476706 0.084 0.000135932
0 0.992958 0.096 0.0140845 0.117333 0.000136386
0 0.385428 0.762667 0.06013 0.277333 0.000136636
0 0.812839 0.649333 0.0352113 0.064 0.000136756
0 0.747291 0.14 0.0482123 0.0746667 0.000138601
0 0.758126 1 0.0427952 0 0.000138743
0 0.712893 0.719333 0.0465872 0.153333 0.000138943
0 0.406284 0.406 0.0541712 0.0893333 0.000139088
0 0.646262 0.514667 0.0476706 0.088 0.000139183
0 0.742145 0.988 0.0433369 0.024 0.00013923
0 0.592904 0.830667 0.0514626 0.138667 0.000140196
0 0.555255 0.516 0.0953413 0.213333 0.000141304
0 0.728602 0.58 0.0390032 0.101333 0.000143509
0 0.637053 0 0.0390032 0 0.00014482
0 0.71208 0.141333 0.0406284 0.0746667 0.000145962
0 0.624865 0.0866667 0.06013 0.112 0.000146245
0 0.65195 0.371333 0.0146262 0.0386667 0.000147073
0 0.991333 0 0.0173348 0 0.00014764
0 0.609697 0.104 0.0655471 0.144 0.000148384
0 0.778982 0.928667 0.107259 0.142667 0.000150617
0 0.585861 0.12 0.0308776 0.0693333 0.000151352
0 0.71506 0.936 0.0411701 0.114667 0.000151451
0 0.576923 0.418667 0.0585049 0.0906667 0.000152217
0 0.72779 0.0186667 0.0254605 0.0346667 0.000153071
0 0.706392 0.363333 0.0552546 0.0946667 0.000153321
0 0.654117 0.494 0.0709642 0.1 0.000156222
0 0.973727 0.29 0.0514626 0.161333 0.000156921
0 0.819881 0.802 0.0557963 0.14 0.000160274
0 0.761105 0.990667 0.063922 0.0186667 0.000162504
0 0.746208 0.574667 0.0449621 0.101333 0.000163235
0 0.982123 0.988 0.035753 0.024 0.000163664
0 0.685265 0.405333 0.0855905 0.104 0.000163691
0 0.816089 0.662667 0.052546 0.101333 0.000164088
0 0.758126 0.208 0.0287107 0.0746667 0.0001646
0 0.768689 0.0773333 0.035753 0.0693333 0.000164871
0 0.846696 0.383333 0.0335861 0.0546667 0.000165192
0 0.614572 0.00333333 0.0492958 0.00666667 0.000165479
0 0.646804 0.663333 0.0520043 0.169333 0.000168059
0 0.596966 0.119333 0.0346696 0.0733333 0.000169828
0 0.802275 1 0.035753 0 0.000169829
0 0.990791 0.397333 0.0184182 0.136 0.000170027
0 0.964247 0.588667 0.0498375 0.076 0.000172439
0 0.621073 0 0.0427952 0 0.000172454
0 0.610238 0.235333 0.0438787 0.076 0.0001739
0 0.781961 1 0.0590466 0 0.000174811
0 0.502979 0.616667 0.0362947 0.06 0.000175762
0 0.813109 0.340667 0.0400867 0.105333 0.000178292
0 0.400596 0.367333 0.0384615 0.0573333 0.000178645
0 0.539816 0.628 0.0492958 0.0933333 0.000180783
0 0.640845 0.634 0.0985916 0.236 0.000181902
0 0.773294 0.626 0.0579632 0.150667 0.00018339
0 0.986457 0.0893333 0.0270856 0.146667 0.00018392
0 0.661972 0.479333 0.0379198 0.0786667 0.000183945
0 0.560401 0.266 0.0796316 0.0973333 0.000184256
0 0.731311 0.00866667 0.0325027 0.0173333 0.000186191
0 0.625135 0.752667 0.0704225 0.145333 0.000188546
0 0.970206 0.236 0.056338 0.130667 0.000189714
0 0.986999 0.614 0.0260022 0.161333 0.000190303
0 0.71208 0.772667 0.0622969 0.244 0.000190422
0 0.508397 0.606667 0.0232936 0.04 0.000192398
0 0.49675 0.236 0.0260022 0.0453333 0.000192786
0 0.59507 0.0713333 0.0384615 0.116 0.000192895
0 0.767606 0.224 0.0422535 0.0666667 0.000195313
0 0.738624 0.639333 0.0482123 0.1 0.000197424
0 0.56338 0.712667 0.084507 0.161333 0.000201511
0 0.850758 0.268 0.0384615 0.0693333 0.000202172
0 0.577465 0.326667 0.0650054 0.096 0.00020228
0 0.439599 0.523333 0.0178765 0.0546667 0.000202948
0 0.664951 0.536 0.122969 0.205333 0.000205159
0 0.501083 0.859333 0.0455038 0.0706667 0.000206517
0 0.586132 0.844667 0.0368364 0.0893333 0.000208443
0 0.768418 0.58 0.0406284 0.088 0.000208919
0 0.553359 0.417333 0.0731311 0.136 0.000209281
0 0.606446 0 0.0427952 0 0.000211428
0 0.838028 0.825333 0.0433369 0.189333 0.000211508
0 0.739437 0.992667 0.0227519 0.0146667 0.000212897
0 0.560943 0.124 0.0731311 0.0933333 0.000216933
0 0.696371 0.0933333 0.0157096 0.0506667 0.000217105
0 0.991874 1 0.0162514 0 0.00021823
0 0.684182 0.0346667 0.0400867 0.0586667 0.000218288
0 0.565818 0.295333 0.0417118 0.076 0.000220217
0 0.634345 0.382 0.0390032 0.0573333 0.000221768
0 0.98727 0.338667 0.0254605 0.173333 0.00022929
0 0.00622969 0.207333 0.0124594 0.414667 0.00023173
0 0.97779 0.992667 0.0400867 0.0146667 0.000233129
0 0.62351 0.606667 0.0270856 0.0773333 0.000234776
0 0.583153 0.383333 0.067714 0.0946667 0.000236298
0 0.99377 0.372 0.0124594 0.125333 0.000239118
0 0.986999 0.682 0.0260022 0.190667 0.000242656
0 0.580986 0.305333 0.0352113 0.0693333 0.000244505
0 0.985645 1 0.0287107 0 0.000244916
0 0.5 0.892667 0.0520043 0.142667 0.000246407
0 0.989707 0.164667 0.020585 0.161333 0.000249777
0 0.60428 0.0173333 0.0568797 0.0346667 0.0002502
0 0.590195 0.00466667 0.0503792 0.00933333 0.000251013
0 0.981582 0.552 0.0368364 0.122667 0.0002526
0 0.848862 0.736667 0.0530878 0.150667 0.000253601
0 0.642199 0.0633333 0.0590466 0.0893333 0.000253637
0 0.678765 0.52 0.0346696 0.08 0.000255686
0 0.32909 0.82 0.0352113 0.122667 0.000255847
0 0.520856 0.500667 0.0384615 0.0653333 0.000260176
0 0.983749 0.14 0.0325027 0.194667 0.00026097
0 0.754875 0.552 0.0330444 0.056 0.000261197
0 0.524377 0.465333 0.0444204 0.117333 0.000264214
0 0.653304 0.379333 0.0227519 0.0573333 0.000266972
0 0.507855 0.576 0.0406284 0.101333 0.000267949
0 0.547129 0.695333 0.0444204 0.118667 0.000270406
0 0.658451 0.00333333 0.0406284 0.00666667 0.00027282
0 0.615114 0.585333 0.164139 0.376 0.000273219
0 0.587486 0.298 0.0482123 0.108 0.000282006
0 0.434453 0.639333 0.0303359 0.0866667 0.00028427
0 0.569068 0.607333 0.0720477 0.188 0.000286109
0 0.65195 0.258 0.0287107 0.0733333 0.00028658
0 0.736186 0.479333 0.0390032 0.092 0.000288708
0 0.609697 0.770667 0.0438787 0.0933333 0.000299504
0 0.784128 0.237333 0.0287107 0.0533333 0.000306393
0 0.51571 0.554667 0.0400867 0.125333 0.000307002
0 0.567714 0.788 0.0769231 0.194667 0.000307424
0 0.752438 0.413333 0.0400867 0.064 0.000308145
0 0.74052 0.443333 0.0801734 0.177333 0.000310011
0 0.634886 0.596667 0.0379198 0.124 0.000311631
0 0.704767 0.433333 0.0541712 0.104 0.000316722
0 0.72481 0.657333 0.0335861 0.0853333 0.000318719
0 0.792253 0.722 0.052546 0.110667 0.000323178
0 0.321777 0.778667 0.0325027 0.064 0.000326241
0 0.760563 0.133333 0.0249187 0.0586667 0.0003265
0 0.856176 0.368 0.0655471 0.0933333 0.000331407
0 0.776815 0.596667 0.0411701 0.0786667 0.000331444
0 0.991874 0.252667 0.0162514 0.137333 0.000341648
0 0.582069 0.512667 0.0752979 0.182667 0.000345627
0 0.5539 0.676 0.0698808 0.144 0.000350953
0 0.992416 0.728667 0.0151679 0.0893333 0.000351963
0 0.488082 0.924 0.0704225 0.146667 0.00035736
0 0.982936 0.257333 0.0341278 0.165333 0.00035771
0 0.536295 0.127333 0.0346696 0.052 0.000357943
0 0.669827 0.591333 0.0720477 0.188 0.000363478
0 0.973998 0.596667 0.0455038 0.150667 0.000367658
0 0.375677 0.709333 0.0482123 0.170667 0.000376164
0 0.589924 0.0393333 0.0400867 0.0653333 0.000376839
0 0.782503 0.948667 0.0622969 0.102667 0.000377071
0 0.669285 0.535333 0.0384615 0.0893333 0.000384484
0 0.785211 0.974667 0.0384615 0.0506667 0.000385511
0 0.573673 0.228 0.0520043 0.08 0.000386177
0 0.690412 0.513333 0.0785482 0.170667 0.000389773
0 0.59507 0.234667 0.0362947 0.0693333 0.000391312
0 0.500542 0.192 0.0368364 0.125333 0.000391651
0 0.99377 0.290667 0.0124594 0.138667 0.000392971
0 0.798483 0.295333 0.0346696 0.108 0.000393884
0 0.708559 0.852 0.0758397 0.218667 0.000395515
0 0.785753 0.678 0.0579632 0.102667 0.000396197
0 0.666576 0.612 0.052546 0.114667 0.000408256
0 0.523294 0.684 0.0574215 0.133333 0.000409323
0 0.761376 0.965333 0.0557963 0.0693333 0.000412726
0 0.667931 0.038 0.0130011 0.0493333 0.000416999
0 0.994312 0.689333 0.0113759 0.16 0.000421726
0 0.822589 0.92 0.0438787 0.088 0.000422079
0 0.596154 0.048 0.0698808 0.096 0.000425338
0 0.749729 0.222 0.0260022 0.0653333 0.000431195
0 0.609967 0.593333 0.0476706 0.12 0.000434028
0 0.610509 0.271333 0.0465872 0.0946667 0.000435481
0 0.992416 0.903333 0.0151679 0.161333 0.000438231
0 0.850217 0.108 0.0384615 0.072 0.000439772
0 0.558776 0.740667 0.0547129 0.153333 0.000451668
0 0.539003 0.152667 0.0444204 0.0893333 0.000461925
0 0.63299 0.558667 0.0915493 0.186667 0.000478491
0 0.703955 0.612667 0.0612134 0.134667 0.000493907
0 0.492958 0.605333 0.0249187 0.0533333 0.000502255
0 0.328007 0.800667 0.0254605 0.0786667 0.000509395
0 0.725352 0.139333 0.0227519 0.0653333 0.000512905
0 0.57611 0.0433333 0.0438787 0.076 0.000519923
0 0.588299 0.631333 0.0628386 0.116 0.000525602
0 0.783857 0.87 0.114843 0.246667 0.000533436
0 0.965872 0.874667 0.0476706 0.12 0.000546672
0 0.627573 0.239333 0.0406284 0.0706667 0.000559031
0 0.546858 0.591333 0.0503792 0.1 0.000566168
0 0.799296 0.661333 0.0287107 0.072 0.000568571
0 0.5948 0.276 0.0422535 0.096 0.000582044
0 0.689328 0.675333 0.0817985 0.132 0.000586873
0 0.807692 0.344 0.0227519 0.072 0.000606276
0 0.380553 0.171333 0.0254605 0.0386667 0.000613721
0 0.520856 0.818667 0.0752979 0.210667 0.00062794
0 0.502709 0.222667 0.0487541 0.0853333 0.000631719
0 0.992416 0.817333 0.0151679 0.178667 0.000633153
0 0.735374 0.516667 0.0341278 0.084 0.000634423
0 0.53494 0.446667 0.0352113 0.101333 0.000650389
0 0.760563 0.558 0.0184182 0.0466667 0.000686712
0 0.877844 0.352667 0.0536295 0.116 0.000702479
0 0.6552 0.012 0.0373781 0.024 0.000706924
0 0.465872 0.952667 0.0823402 0.0946667 0.000721598
0 0.589382 0.127333 0.0195016 0.0546667 0.000722728
0 0.681473 0.632 0.0758397 0.168 0.000730844
0 0.615385 0.546667 0.0552546 0.112 0.000733975
0 0.735374 0.968667 0.0308776 0.0626667 0.000739387
0 0.0132719 0.513333 0.0265439 0.973333 0.000740202
0 0.679036 0.647333 0.0438787 0.118667 0.000741615
0 0.519502 0.567333 0.028169 0.0893333 0.000744216
0 0.506501 0.256667 0.0368364 0.06 0.000791274
0 0.653034 0.565333 0.0384615 0.0933333 0.000812758
0 0.493229 0.6 0.0406284 0.0986667 0.000846997
0 0.732123 0.555333 0.0373781 0.076 0.00087683
0 0.732394 0.15 0.0346696 0.0626667 0.000899415
0 0.728602 0.801333 0.0368364 0.128 0.000931675
0 0.528982 0.690667 0.0330444 0.104 0.00094466
0 0.830444 0.384 0.0314193 0.0613333 0.000944809
0 0.546587 0.107333 0.0465872 0.084 0.00102757
0 0.627031 0.484667 0.067714 0.118667 0.00103363
0 0.979957 0.202 0.0400867 0.110667 0.00104747
0 0.820964 0.862 0.0612134 0.196 0.00106081
0 0.646262 0.373333 0.0270856 0.048 0.00106759
0 0.683099 0.596667 0.0541712 0.137333 0.00108591
0 0.984832 0.94 0.0292524 0.12 0.00110206
0 0.809588 0.907333 0.0633803 0.164 0.00112407
0 0.72481 0.889333 0.0476706 0.213333 0.00114568
0 0.652763 0.644667 0.0368364 0.116 0.00116698
0 0.887053 0.377333 0.0427952 0.0613333 0.00119396
0 0.315818 0.406 0.257855 0.812 0.00119859
0 0.598862 0.522667 0.0406284 0.114667 0.00120537
0 0.609155 0.417333 0.0622969 0.12 0.00120576
0 0.921723 0.034 0.0460455 0.0546667 0.00121576
0 0.722914 0.146667 0.0135428 0.0506667 0.00127984
0 0.822048 0.928667 0.0287107 0.0653333 0.00128234
0 0.660888 0.635333 0.0541712 0.196 0.00134862
0 0.705309 0.653333 0.0509209 0.0826667 0.00135262
0 0.542795 0.468667 0.0487541 0.092 0.00136312
0 0.640303 0.0366667 0.0617551 0.0706667 0.00136597
0 0.755146 0.219333 0.0162514 0.0466667 0.0013857
0 0.579902 0.501333 0.0503792 0.112 0.00138681
0 0.960997 0.962 0.0693391 0.0733333 0.00140129
0 0.560401 0.443333 0.0287107 0.052 0.00141896
0 0.834236 0.49 0.035753 0.084 0.00142303
0 0.83559 0.412667 0.0330444 0.108 0.00147284
0 0.631365 0.527333 0.0557963 0.113333 0.00148976
0 0.521668 0.740667 0.0606717 0.121333 0.00150875
0 0.834778 0.460667 0.0390032 0.102667 0.00168362
0 0.70558 0.399333 0.0590466 0.084 0.00169169
0 0.619989 0.397333 0.052546 0.088 0.00172347
0 0.714518 0.498 0.0498375 0.158667 0.00177086
0 0.837757 0.381333 0.0167931 0.0506667 0.0018147
0 0.72156 0.614 0.0335861 0.102667 0.00189135
0 0.539545 0.560667 0.0574215 0.156 0.0019084
0 0.723185 0.44 0.0444204 0.117333 0.00201236
0 0.79117 0.277333 0.0276273 0.0906667 0.0020419
0 0.602384 0.0706667 0.0953413 0.128 0.00213904
0 0.666306 0.679333 0.0520043 0.129333 0.00213989
0 0.341549 0.762667 0.0482123 0.106667 0.00216724
0 0.888678 0.492 0.0232936 0.0426667 0.00218135
0 0.738353 0.932667 0.0444204 0.129333 0.00238824
0 0.647616 0.591333 0.0341278 0.0946667 0.00247679
0 0.791712 0.298667 0.024377 0.0506667 0.00251399
0 0.651679 0.534 0.0325027 0.0786667 0.00253202
0 0.651679 0.0186667 0.0270856 0.0346667 0.0025396
0 0.575298 0.450667 0.0476706 0.072 0.00295132
0 0.703684 0.0953333 0.0325027 0.0573333 0.00308905
0 0.788462 0.654 0.0449621 0.0733333 0.00315794
0 0.754063 0.946 0.071506 0.108 0.00317342
0 0.599133 0.527333 0.0249187 0.0573333 0.0032112
0 0.607259 0.45 0.0498375 0.092 0.0033619
0 0.720477 0.641333 0.0249187 0.0506667 0.00368705
0 0.710997 0.113333 0.0449621 0.0853333 0.00371163
0 0.995395 0.744667 0.0092091 0.0626667 0.00375282
0 0.725623 0.518667 0.0287107 0.0986667 0.00397147
0 0.535753 0.488667 0.0325027 0.0706667 0.00420194
0 0.713705 0.636 0.0362947 0.0693333 0.00439856
0 0.329361 0.786667 0.0195016 0.0453333 0.004567
0 0.710997 0.561333 0.0449621 0.08 0.00459207
0 0.573402 0.436 0.0373781 0.0586667 0.00501025
0 0.723185 0.402667 0.0509209 0.0933333 0.00501457
0 0.535211 0.702 0.0249187 0.076 0.00526124
0 0.565818 0.467333 0.088299 0.156 0.00543132
0 0.602384 0.502667 0.0292524 0.0826667 0.00543687
0 0.540628 0.728 0.0346696 0.12 0.00562277
0 0.589924 0.212 0.0444204 0.096 0.00614487
0 0.589653 0.469333 0.0406284 0.0746667 0.0068423
0 0.589924 0.435333 0.0498375 0.0946667 0.00690349
0 0.601571 0.484667 0.0232936 0.0573333 0.00761757
0 0.614301 0.036 0.0509209 0.0666667 0.00783507
0 0.725894 0.542 0.0227519 0.0733333 0.00791323
0 0.734832 0.852 0.0482123 0.2 0.00914247
0 0.602925 0.022 0.0227519 0.036 0.00955382
0 0.619989 0.511333 0.0547129 0.084 0.0101438
0 0.970206 0.935333 0.056338 0.121333 0.0109353
0 0.65493 0.028 0.0379198 0.0533333 0.0118137
0 0.989166 0.770667 0.0162514 0.122667 0.0118234
0 0.533586 0.659333 0.0411701 0.137333 0.0121491
0 0.816631 0.946667 0.0471289 0.101333 0.0134724
0 0.697183 0.560667 0.0335861 0.0733333 0.0143878
0 0.722373 0.562667 0.0276273 0.0746667 0.0176538
0 0.542253 0.801333 0.0595883 0.224 0.023373
0 0.574756 0.452667 0.063922 0.108 0.0246605
0 0.989707 0.738 0.0162514 0.06 0.0312937
0 0.68662 0.542667 0.0514626 0.114667 0.0432467
0 0.62026 0.482 0.0552546 0.0653333 0.0463699
0 0.972914 0.972667 0.0487541 0.0546667 0.0653519
0 0.798754 0.303333 0.0254605 0.052 0.0924074
0 0.716143 0.423333 0.0400867 0.0626667 0.11517
0 0.714518 0.382667 0.0530878 0.072 0.115501
0 0.750542 0.898 0.0796316 0.204 0.122161
0 0.480228 0.962 0.0514626 0.0733333 0.203929
0 0.800921 0.33 0.0287107 0.1 0.231832
0 0.726165 0.850667 0.0341278 0.146667 0.610325
0 0.601571 0.25 0.031961 0.0626667 0.750165
0 0.595341 0.362667 0.0487541 0.0666667 0.845829
0 0.960455 0.524667 0.0790899 0.153333 0.877869
0 0.71208 0.233333 0.0406284 0.096 0.89524
0 0.918743 0.770667 0.0801734 0.152 0.931087
