0 0.596696 0.52 0.0872156 0.133333 0.000100301
0 0.0251896 0.902667 0.0503792 0.186667 0.000100453
0 0.991062 0.142 0.0178765 0.164 0.000102181
0 0.0349404 0.209333 0.0698808 0.306667 0.000103012
0 0.207205 0.728667 0.0460455 0.150667 0.000104018
0 0.394908 0.378 0.0888407 0.225333 0.000104089
0 0.458559 0.000666667 0.10455 0.00133333 0.000104512
0 0.225081 0.962667 0.0839653 0.0746667 0.000105539
0 0.729415 0.00133333 0.120802 0.00266667 0.000105765
0 0.994312 0.954 0.0113759 0.0893333 0.000106758
0 0.838299 0.0406667 0.0557963 0.076 0.000110523
0 0.992687 0.753333 0.0146262 0.162667 0.000112063
0 0.0130011 0.0846667 0.0260022 0.158667 0.000113564
0 0.986999 0.072 0.0260022 0.138667 0.000114134
0 0.472644 0.0553333 0.0287107 0.105333 0.000114848
0 0.91766 0.148667 0.0585049 0.116 0.000114976
0 0.723727 0.0413333 0.0953413 0.0826667 0.0001152
0 0.247833 0.598667 0.0861322 0.250667 0.000121124
0 0.703955 0.674 0.0167931 0.118667 0.000122349
0 0.921723 0.245333 0.113218 0.28 0.000122877
0 0.0853196 0.00333333 0.170639 0.00666667 0.000124772
0 0.992145 0.305333 0.0157096 0.122667 0.000125154
0 0.705309 0.986667 0.0379198 0.024 0.000125222
0 0.00785482 0.180667 0.0157096 0.34 0.000125821
0 0.212893 0.376 0.028169 0.128 0.00012598
0 0.217497 0.934667 0.0590466 0.117333 0.000128888
0 0.3448 0.307333 0.284399 0.577333 0.000130291
0 0.19935 0.968 0.0476706 0.0613333 0.000136679
0 0.188787 0.924 0.0807151 0.136 0.000137948
0 0.703955 0.644 0.0167931 0.0586667 0.000139986
0 0.96831 0.334 0.0633803 0.193333 0.000140439
0 0.949892 0.314 0.0937161 0.254667 0.000144439
0 0.120531 0.418667 0.233478 0.696 0.000144715
0 0.749458 0.0286667 0.0406284 0.0573333 0.000147648
0 0.907367 0.100667 0.0487541 0.0813333 0.000148891
0 0.00650054 0.0933333 0.0130011 0.176 0.000150012
0 0.934182 0.475333 0.0969664 0.126667 0.000152269
0 0.0127302 0.795333 0.0254605 0.409333 0.000156145
0 0.939328 0.221333 0.0725894 0.165333 0.000156622
0 0.814193 0.119333 0.195016 0.238667 0.000158374
0 0.213434 0.337333 0.0249187 0.0613333 0.00016035
0 0.768147 0.284 0.198267 0.389333 0.000166685
0 0.807963 0.466 0.0633803 0.14 0.000166956
0 0.235645 0.344667 0.0509209 0.06 0.00017516
0 0.690683 0.000666667 0.121343 0.00133333 0.000175608
0 0.979686 0.613333 0.0406284 0.402667 0.000176769
0 0.923077 0.979333 0.0780065 0.0413333 0.000197188
0 0.822048 0.308 0.0861322 0.205333 0.000200876
0 0.213164 0.302667 0.0254605 0.104 0.000205849
0 0.0092091 0.86 0.0184182 0.272 0.000207836
0 0.218852 0.232667 0.0368364 0.169333 0.000217105
0 0.177681 0.61 0.100758 0.150667 0.000221836
0 0.75948 0.0633333 0.071506 0.121333 0.00022258
0 0.967226 0.826 0.0211268 0.0386667 0.000222891
0 0.981853 0.300667 0.0362947 0.284 0.000223738
0 0.169285 0.894667 0.118635 0.192 0.000232251
0 0.990791 0.678667 0.0184182 0.296 0.000237944
0 0.444475 0.0466667 0.0796316 0.088 0.000244538
0 0.927952 0.523333 0.144095 0.417333 0.000247922
0 0.207205 0.698 0.0330444 0.0866667 0.000251798
0 0.97779 0.342667 0.0411701 0.0933333 0.000253642
0 0.976706 0.186667 0.0465872 0.12 0.000254787
0 0.977519 0.132 0.0449621 0.192 0.000255996
0 0.861863 0.396667 0.0606717 0.0973333 0.000267365
0 0.921452 0.398 0.0303359 0.0866667 0.000272504
0 0.986186 0.359333 0.0276273 0.172 0.000281821
0 0.991603 0.563333 0.0167931 0.310667 0.000285401
0 0.871343 0.246 0.100217 0.332 0.000307892
0 0.258397 0.0833333 0.0747562 0.156 0.000312737
0 0.221831 0.176 0.0287107 0.088 0.000318244
0 0.041441 0.150667 0.0460455 0.141333 0.000323731
0 0.677952 0.0753333 0.0828819 0.148 0.000327779
0 0.983207 0.828667 0.0249187 0.0386667 0.000334328
0 0.235915 0.657333 0.06013 0.141333 0.00034057
0 0.863759 0.132 0.0915493 0.154667 0.000346497
0 0.906284 0.12 0.0693391 0.101333 0.000353397
0 0.476165 0.0333333 0.0184182 0.0613333 0.00036212
0 0.910347 0.397333 0.128386 0.133333 0.000371348
0 0.81013 0.418667 0.0655471 0.114667 0.000377807
0 0.378927 0.034 0.0406284 0.0653333 0.000424795
0 0.298483 0.418 0.0238353 0.0573333 0.000433015
0 0.199892 0.624667 0.0595883 0.116 0.000473648
0 0.250542 0.112 0.0536295 0.096 0.000549835
0 0.935807 0.367333 0.0568797 0.084 0.000560873
0 0.706934 0.799333 0.0346696 0.1 0.000570946
0 0.84507 0.184667 0.150596 0.268 0.000583089
0 0.93662 0.344 0.0411701 0.072 0.00060199
0 0.229686 0.254 0.0465872 0.241333 0.000631396
0 0.206663 0.951333 0.0471289 0.084 0.000670319
0 0.701517 0.0673333 0.0520043 0.129333 0.00069976
0 0.605634 0.315333 0.0140845 0.0573333 0.000771333
0 0.950433 0.892 0.0893824 0.181333 0.000773805
0 0.746208 0.0506667 0.0373781 0.096 0.00080373
0 0.41468 0.112667 0.113218 0.217333 0.000839424
0 0.467226 0.03 0.0352113 0.0573333 0.00103111
0 0.725623 0.064 0.0904659 0.125333 0.00113961
0 0.813651 0.176667 0.31636 0.337333 0.00119556
0 0.957205 0.382 0.0812568 0.153333 0.00129492
0 0.950433 0.18 0.0547129 0.096 0.00133883
0 0.906013 0.982 0.0384615 0.0333333 0.00157554
0 0.425515 0.0373333 0.0449621 0.072 0.00167182
0 0.881907 0.126 0.056338 0.0866667 0.00180556
0 0.385428 0.068 0.052546 0.130667 0.00181653
0 0.983478 0.491333 0.0330444 0.254667 0.0018829
0 0.215601 0.707333 0.028169 0.102667 0.00200398
0 0.973456 0.884 0.0455038 0.16 0.00207722
0 0.238353 0.5 0.0736728 0.397333 0.00231938
0 0.88299 0.166667 0.0758397 0.178667 0.00252638
0 0.971018 0.504 0.0579632 0.344 0.00265423
0 0.881365 0.260667 0.20585 0.382667 0.00322315
0 0.601571 0.31 0.024377 0.076 0.00330899
0 0.975352 0.834667 0.0417118 0.064 0.00385154
0 0.899783 0.432667 0.19935 0.22 0.00665841
0 0.973727 0.43 0.052546 0.182667 0.00861513
0 0.919556 0.148 0.115385 0.173333 0.00906267
0 0.92416 0.326 0.151679 0.430667 0.0124917
0 0.408451 0.447333 0.0444204 0.0946667 0.0146988
0 0.952329 0.434 0.0953413 0.217333 0.323314
0 0.794962 0.336 0.039545 0.136 0.879366
0 0.443933 0.959333 0.0850488 0.0813333 0.906504
0 0.87649 0.808667 0.101842 0.172 0.924257
0 0.678223 0.387333 0.0650054 0.190667 0.940666
