0 0.116197 0.072 0.0167931 0.0853333 0.000100727
0 0.0111051 0.161333 0.0222102 0.322667 0.000100937
0 0.994854 0.526667 0.0102925 0.245333 0.000101378
0 0.354009 0.763333 0.0384615 0.174667 0.000101429
0 0.403846 0 0.128386 0 0.000105308
0 0.313109 0.134 0.179848 0.257333 0.00010571
0 0.982123 0.344667 0.035753 0.230667 0.000107959
0 0.585049 0.00133333 0.132178 0.00266667 0.000109056
0 0.312297 0.000666667 0.194475 0.00133333 0.000109673
0 0.242145 0.676667 0.0541712 0.145333 0.000110017
0 0.263272 0.132667 0.0509209 0.1 0.000111163
0 0.676598 0.000666667 0.153846 0.00133333 0.000111518
0 0.627031 0.0306667 0.0557963 0.0533333 0.000114847
0 0.263272 0.232667 0.0660888 0.169333 0.000115074
0 0.530065 0.136667 0.0460455 0.156 0.000117044
0 0.696371 0.875333 0.0644637 0.241333 0.00011846
0 0.992687 0.018 0.0146262 0.036 0.000120599
0 0.350217 0.677333 0.0384615 0.122667 0.00012078
0 0.00568797 0.195333 0.0113759 0.390667 0.00012159
0 0.983478 0.593333 0.0330444 0.274667 0.000123135
0 0.295775 0.128 0.0379198 0.0933333 0.000130834
0 0.951788 0.0526667 0.0942579 0.1 0.000133011
0 0.988624 0.404 0.0227519 0.218667 0.000133118
0 0.992687 0.054 0.0146262 0.108 0.000133193
0 0.882719 0.0913333 0.115385 0.182667 0.000139452
0 0.993499 0.442667 0.0130011 0.245333 0.000148711
0 0.719122 0.143333 0.0514626 0.129333 0.000148985
0 0.361322 0.0686667 0.0899242 0.137333 0.0001492
0 0.960726 0.202667 0.0547129 0.0773333 0.000149289
0 0.249729 0.250667 0.0910076 0.258667 0.000155134
0 0.891387 0.143333 0.0590466 0.172 0.000158559
0 0.290628 0.642 0.153304 0.209333 0.000163063
0 0.937974 0.00133333 0.121885 0.00266667 0.000163535
0 0.659805 0.06 0.170098 0.12 0.000163801
0 0.252979 0.797333 0.0725894 0.296 0.000163999
0 0.859697 0.181333 0.0628386 0.109333 0.000165605
0 0.60455 0.0633333 0.0476706 0.0946667 0.000171719
0 0.963434 0 0.0720477 0 0.000187278
0 0.271398 0.16 0.0682557 0.106667 0.000188602
0 0.960184 0.234667 0.0590466 0.138667 0.000188983
0 0.0184182 0.679333 0.0368364 0.628 0.000189346
0 0.739166 0.166667 0.088299 0.186667 0.00019031
0 0.929848 0.183333 0.0568797 0.110667 0.000193398
0 0.510293 0.138667 0.0671723 0.136 0.000193644
0 0.454767 0.000666667 0.140303 0.00133333 0.000196435
0 0.574756 0.857333 0.0238353 0.0586667 0.000196943
0 0.993499 0.328 0.0130011 0.2 0.000199085
0 0.877573 0.139333 0.0335861 0.124 0.000199264
0 0.568527 0.0726667 0.0687974 0.137333 0.00020014
0 0.99052 0.232667 0.0189599 0.185333 0.000207378
0 0.283586 0.958 0.0655471 0.076 0.000209058
0 0.00812568 0.824667 0.0162514 0.348 0.000210916
0 0.377031 0.0473333 0.0574215 0.0946667 0.000214709
0 0.725081 0.988 0.0850488 0.024 0.000222901
0 0.6961 0.0833333 0.112676 0.161333 0.00022834
0 0.248646 0.117333 0.0433369 0.088 0.000230464
0 0.726977 0.186 0.0628386 0.108 0.000230979
0 0.305796 0.150667 0.0178765 0.0453333 0.000234204
0 0.871073 0.848 0.115926 0.277333 0.000237094
0 0.970748 0.265333 0.0585049 0.253333 0.000238754
0 0.46506 0.0893333 0.138137 0.173333 0.000242642
0 0.991062 0 0.0178765 0 0.000248604
0 0.991062 0.311333 0.0178765 0.289333 0.000307302
0 0.251896 0.631333 0.092091 0.225333 0.000310049
0 0.716414 0.98 0.10455 0.04 0.000311325
0 0.991603 0.538 0.0167931 0.329333 0.000322071
0 0.868093 0.184667 0.0438787 0.0786667 0.000329439
0 0.254605 0.0853333 0.104009 0.170667 0.000357675
0 0.420639 0.0546667 0.0460455 0.106667 0.000370494
0 0.706392 0.794667 0.0390032 0.101333 0.000421469
0 0.963976 0.192667 0.067714 0.14 0.00050425
0 0.388678 0.0413333 0.0330444 0.08 0.000556237
0 0.681473 0.958 0.0346696 0.0786667 0.000639627
0 0.701246 0.953333 0.0720477 0.0933333 0.000643738
0 0.229686 0.711333 0.0455038 0.161333 0.000723296
0 0.726977 0.0526667 0.0530878 0.0973333 0.000794534
0 0.563922 0.0406667 0.0671723 0.076 0.000819383
0 0.963164 0.243333 0.0433369 0.0946667 0.000905743
0 0.213976 0.648667 0.0758397 0.222667 0.000913899
0 0.350758 0.708667 0.0287107 0.06 0.000941157
0 0.875948 0.175333 0.0270856 0.06 0.0011269
0 0.859155 0.117333 0.0780065 0.189333 0.00146813
0 0.36078 0.312667 0.0606717 0.116 0.00177786
0 0.381907 0.312 0.0195016 0.088 0.00187459
0 0.295233 0.0893333 0.105092 0.173333 0.00220041
0 0.945287 0.825333 0.0693391 0.146667 0.00249332
0 0.716956 0.971333 0.103467 0.0573333 0.00539423
0 0.445558 0.0566667 0.0980498 0.113333 0.00886967
0 0.239437 0.755333 0.0400867 0.198667 0.0195038
0 0.277086 0.114 0.0752979 0.124 0.0235589
0 0.745666 0.976667 0.0449621 0.044 0.0546101
0 0.23727 0.714667 0.0335861 0.106667 0.165551
0 0.228602 0.640667 0.0444204 0.185333 0.442692
0 0.927681 0.144667 0.133803 0.204 0.866555
0 0.915493 0.878 0.130011 0.244 0.879269
0 0.540899 0.534667 0.0687974 0.357333 0.930626
