0 0.263001 0.378667 0.0330444 0.0613333 0.000102805
0 0.907096 0.976 0.0352113 0.048 0.0001029
0 0.514085 0.21 0.0758397 0.148 0.000104758
0 0.402492 0.397333 0.0520043 0.152 0.000106276
0 0.667389 0.0606667 0.0595883 0.118667 0.000106636
0 0.00866739 0.221333 0.0173348 0.442667 0.000106749
0 0.268689 0.491333 0.140845 0.310667 0.000107174
0 0.257042 0.394667 0.0449621 0.0933333 0.000107315
0 0.238353 0.176667 0.0541712 0.076 0.000107359
0 0.378927 0.523333 0.0547129 0.1 0.000109486
0 0.690953 0.21 0.0612134 0.108 0.000109665
0 0.584507 0.245333 0.0498375 0.072 0.000110837
0 0.463705 0.235333 0.0671723 0.150667 0.000113324
0 0.570152 0.227333 0.0352113 0.076 0.000120777
0 0.377302 0.462667 0.0557963 0.141333 0.000120871
0 0.356717 0.469333 0.0720477 0.154667 0.000123605
0 0.549025 0.246 0.119718 0.150667 0.000123827
0 0.990791 0.880667 0.0184182 0.0866667 0.0001249
0 0.718852 0.0126667 0.0888407 0.0253333 0.000125225
0 0.839112 0.004 0.0390032 0.008 0.000126205
0 0.657638 0.960667 0.028169 0.0626667 0.000127299
0 0.451517 0.94 0.0135428 0.0266667 0.000128673
0 0.971018 0.164 0.0373781 0.064 0.000130125
0 0.99377 0.211333 0.0124594 0.0893333 0.000132016
0 0.83559 0.0166667 0.0362947 0.028 0.000132437
0 0.226977 0.710667 0.0487541 0.0826667 0.000133901
0 0.248646 0.741333 0.0628386 0.088 0.000133956
0 0.781419 0.0486667 0.105634 0.0946667 0.000135296
0 0.302546 0.726667 0.109967 0.202667 0.000136072
0 0.528169 0.238667 0.0465872 0.088 0.000136824
0 0.354009 0.214667 0.2974 0.394667 0.000139501
0 0.992145 0.962 0.0157096 0.068 0.000141129
0 0.481853 0.239333 0.0406284 0.132 0.000141819
0 0.404659 0.256 0.084507 0.2 0.000144335
0 0.576381 0.288667 0.0346696 0.0546667 0.000153606
0 0.806338 0.0293333 0.0612134 0.056 0.000154204
0 0.323402 0.476 0.0433369 0.128 0.000157594
0 0.702058 0.00133333 0.056338 0.00266667 0.000161255
0 0.488353 0.289333 0.0471289 0.128 0.000162927
0 0.530065 0.206667 0.321235 0.394667 0.000165021
0 0.47454 0.436667 0.0260022 0.0493333 0.000166384
0 0.9526 0.918 0.0113759 0.0253333 0.000167638
0 0.400867 0.173333 0.0704225 0.186667 0.000167667
0 0.951517 0.0593333 0.0687974 0.0893333 0.000173491
0 0.473185 0.268 0.0352113 0.064 0.000181927
0 0.893012 0.008 0.031961 0.016 0.000184705
0 0.993229 0.308 0.0135428 0.0826667 0.00018845
0 0.68987 0.538 0.0113759 0.0226667 0.00020075
0 0.956121 0.000666667 0.063922 0.00133333 0.000201031
0 0.68987 0.0873333 0.0774648 0.118667 0.000201044
0 0.426327 0.147333 0.0682557 0.169333 0.000212175
0 0.680119 0.162 0.0373781 0.0866667 0.000212263
0 0.646804 0.201333 0.114843 0.296 0.000216122
0 0.743499 0.0493333 0.0449621 0.0906667 0.000216283
0 0.235103 0.368667 0.092091 0.265333 0.000226606
0 0.929577 0.00733333 0.0780065 0.0146667 0.000230011
0 0.946912 0.0166667 0.0628386 0.0333333 0.000236509
0 0.73402 0.00466667 0.0509209 0.00933333 0.000237252
0 0.994041 0.152 0.0119177 0.114667 0.000239383
0 0.515439 0.252667 0.0687974 0.118667 0.000241818
0 0.661972 0.171333 0.0574215 0.113333 0.000245435
0 0.836945 0.008 0.035753 0.016 0.000262731
0 0.758938 0.00333333 0.0411701 0.00666667 0.000268161
0 0.248104 0.788 0.0823402 0.189333 0.000270279
0 0.78792 0.002 0.0980498 0.004 0.000271622
0 0.723185 0.038 0.0769231 0.076 0.000272905
0 0.528711 0.078 0.0693391 0.148 0.000272955
0 0.643554 0.217333 0.0314193 0.064 0.000281322
0 0.239707 0.177333 0.0265439 0.0586667 0.000288306
0 0.679577 0.960667 0.031961 0.0733333 0.000291138
0 0.903034 0.0146667 0.0270856 0.024 0.000292818
0 0.253792 0.344 0.0503792 0.138667 0.00029688
0 0.963705 0.0246667 0.0184182 0.028 0.000307058
0 0.99052 0 0.0189599 0 0.000315947
0 0.995395 0.970667 0.0092091 0.0586667 0.000316892
0 0.97481 0 0.0492958 0 0.000326585
0 0.65818 0.197333 0.0314193 0.0666667 0.000333042
0 0.27546 0.322 0.0817985 0.132 0.000365665
0 0.709642 0.136 0.063922 0.114667 0.000365932
0 0.910076 0.00933333 0.035753 0.0186667 0.000366402
0 0.0111051 0.711333 0.0222102 0.577333 0.000369926
0 0.325569 0.516 0.0433369 0.0506667 0.000372294
0 0.501625 0.266667 0.0379198 0.0826667 0.00037855
0 0.278711 0.726 0.0947996 0.150667 0.000382763
0 0.394908 0.111333 0.0541712 0.0893333 0.000388264
0 0.253521 0.141333 0.0574215 0.136 0.000391104
0 0.428494 0.146667 0.12351 0.282667 0.000396526
0 0.226977 0.259333 0.113759 0.270667 0.000398561
0 0.369177 0.496 0.0568797 0.0826667 0.000403735
0 0.469935 0.176 0.197725 0.285333 0.000453953
0 0.00704225 0.776667 0.0140845 0.446667 0.000456719
0 0.280065 0.85 0.0574215 0.262667 0.000484656
0 0.652492 0.1 0.0492958 0.0826667 0.000493592
0 0.479144 0.177333 0.039545 0.168 0.000552102
0 0.46533 0.0966667 0.191766 0.193333 0.000563901
0 0.0140845 0.499333 0.028169 0.998667 0.000588621
0 0.257042 0.244 0.088299 0.266667 0.00062705
0 0.665222 0.104 0.0682557 0.12 0.000683697
0 0.291983 0.776667 0.0812568 0.14 0.000694239
0 0.963434 0.0333333 0.0406284 0.0586667 0.0006967
0 0.46506 0.128 0.0612134 0.0826667 0.000729916
0 0.694204 0.154 0.0568797 0.156 0.000803373
0 0.969122 0.03 0.0541712 0.06 0.000882267
0 0.812026 0.008 0.0433369 0.016 0.000917572
0 0.342091 0.515333 0.0287107 0.0493333 0.00094083
0 0.297129 0.800667 0.182557 0.254667 0.00094311
0 0.79117 0.0206667 0.0872156 0.036 0.000960649
0 0.711809 0.0273333 0.0530878 0.0546667 0.00103151
0 0.824215 0.00733333 0.0189599 0.0146667 0.00117388
0 0.346696 0.505333 0.0390032 0.0773333 0.0012272
0 0.694204 0.111333 0.031961 0.068 0.00124837
0 0.900054 0.00866667 0.0167931 0.0173333 0.00127826
0 0.261376 0.767333 0.0644637 0.129333 0.00134337
0 0.684453 0.133333 0.0417118 0.106667 0.00135949
0 0.420098 0.0873333 0.10455 0.169333 0.00141316
0 0.738353 0.0246667 0.0487541 0.0493333 0.00144495
0 0.760022 0.016 0.0411701 0.032 0.00160182
0 0.386241 0.500667 0.0216685 0.052 0.00160207
0 0.954767 0.016 0.0362947 0.032 0.00209459
0 0.732394 0.974 0.071506 0.0493333 0.00220323
0 0.950704 0.03 0.0455038 0.044 0.00268187
0 0.409805 0.128 0.0633803 0.128 0.00270355
0 0.775731 0.0286667 0.0899242 0.0546667 0.00286388
0 0.278711 0.759333 0.0557963 0.1 0.00369186
0 0.898429 0.975333 0.0189599 0.044 0.00371014
0 0.720748 0.0173333 0.0807151 0.032 0.00409861
0 0.285482 0.446 0.105092 0.121333 0.00418313
0 0.387866 0.483333 0.0249187 0.068 0.00549271
0 0.246479 0.310667 0.0693391 0.146667 0.00606157
0 0.964518 0.0166667 0.0276273 0.028 0.00791699
0 0.706663 0.106667 0.0547129 0.0693333 0.00886638
0 0.399242 0.08 0.0606717 0.122667 0.0149014
0 0.972102 0.0706667 0.0557963 0.112 0.0166708
0 0.746208 0.981333 0.0449621 0.0346667 0.0187586
0 0.745125 0.016 0.0341278 0.032 0.0206941
0 0.392741 0.457333 0.035753 0.128 0.0207137
0 0.253521 0.741333 0.0975081 0.136 0.037748
0 0.702058 0.795333 0.0422535 0.0946667 0.0992919
0 0.971018 0.108 0.0579632 0.104 0.799735
0 0.909263 0.317333 0.088299 0.088 0.860051
0 0.411159 0.671333 0.0368364 0.193333 0.893417
0 0.556609 0.527333 0.031961 0.164 0.908603
0 0.744583 0.697333 0.0687974 0.173333 0.934385
