0 0.137595 0.00333333 0.258938 0.00666667 0.000101646
0 0.672264 0.577333 0.035753 0.0826667 0.000102347
0 0.456934 0.352667 0.0287107 0.036 0.000103388
0 0.792524 0.994 0.0195016 0.012 0.00010425
0 0.432557 0.632667 0.0687974 0.142667 0.000105295
0 0.614843 0.066 0.0411701 0.121333 0.000105544
0 0.44312 0.876667 0.0574215 0.188 0.000105949
0 0.628386 0 0.101842 0 0.000107599
0 0.564464 0.652667 0.0390032 0.0626667 0.000107724
0 0.391387 0.000666667 0.1013 0.00133333 0.000107819
0 0.642199 0.062 0.0406284 0.102667 0.000109841
0 0.909534 0.754667 0.0379198 0.0666667 0.00011109
0 0.988624 0.657333 0.0227519 0.096 0.000111116
0 0.666847 0.0466667 0.0476706 0.0933333 0.000112465
0 0.984832 0.934 0.0303359 0.118667 0.000112518
0 0.468581 0.914 0.0704225 0.169333 0.000112851
0 0.269502 0.7 0.0937161 0.162667 0.000113778
0 0.431744 0 0.113759 0 0.000114477
0 0.991062 0 0.0178765 0 0.000115198
0 0.579361 0.290667 0.0189599 0.0853333 0.000116516
0 0.777898 0.172667 0.0400867 0.0733333 0.000116622
0 0.502979 0 0.102384 0 0.000117934
0 0.565818 0.034 0.039545 0.0653333 0.00011868
0 0.978873 0.968 0.0422535 0.0533333 0.000119149
0 0.0151679 0.324667 0.0303359 0.649333 0.000119567
0 0.00568797 0.872 0.0113759 0.256 0.000121075
0 0.27546 0.546 0.088299 0.134667 0.000121107
0 0.783586 0.117333 0.0904659 0.104 0.000121245
0 0.882719 0.513333 0.0514626 0.08 0.000123221
0 0.983207 0.986 0.0335861 0.028 0.000123238
0 0.85428 0.478 0.0476706 0.068 0.000124939
0 0.443391 0.048 0.0449621 0.0906667 0.000125317
0 0.545775 0 0.109967 0 0.000125806
0 0.412514 0.0813333 0.06013 0.0986667 0.000127922
0 0.0100217 0.182 0.0200433 0.361333 0.000128331
0 0.46208 0.645333 0.0455038 0.0853333 0.000130055
0 0.849675 0.354667 0.0471289 0.0666667 0.000130292
0 0.381907 0.887333 0.0520043 0.212 0.000133382
0 0.878386 0.446 0.0817985 0.137333 0.000134143
0 0.948537 0 0.102925 0 0.000135406
0 0.686349 0.187333 0.0400867 0.105333 0.000138524
0 0.708559 0 0.131094 0 0.000139975
0 0.735374 0.152 0.0362947 0.0693333 0.000142286
0 0.618635 0.350667 0.0379198 0.112 0.000144266
0 0.889762 0.525333 0.031961 0.0346667 0.000146141
0 0.721831 0.094 0.0763814 0.0706667 0.000147656
0 0.226977 0.340667 0.0346696 0.0786667 0.000147728
0 0.935265 0.66 0.031961 0.032 0.000148209
0 0.593716 0 0.0790899 0 0.00014881
0 0.249729 0 0.107259 0 0.000151112
0 0.987812 0.342667 0.024377 0.0986667 0.000151132
0 0.802817 0.135333 0.0769231 0.113333 0.000151353
0 0.699079 0.116667 0.0341278 0.0573333 0.000152281
0 0.763272 0.529333 0.0433369 0.0613333 0.000156927
0 0.987541 0.274667 0.0249187 0.109333 0.000157066
0 0.489437 0.176 0.0514626 0.0666667 0.000159839
0 0.0124594 0.724667 0.0249187 0.550667 0.000159862
0 0.967497 0.314 0.0617551 0.116 0.000161604
0 0.65818 0.0833333 0.0368364 0.0626667 0.000161719
0 0.462622 0.792 0.0520043 0.117333 0.000163764
0 0.771398 0.364 0.0411701 0.0613333 0.000174611
0 0.718581 0.122667 0.0449621 0.072 0.000178599
0 0.255146 0.546 0.0574215 0.113333 0.000179717
0 0.235374 0.372 0.0384615 0.064 0.000183529
0 0.989978 0.800667 0.0200433 0.217333 0.000186039
0 0.992687 0.0926667 0.0146262 0.153333 0.000188177
0 0.987541 0.177333 0.0249187 0.184 0.000192103
0 0.958559 0.23 0.0373781 0.06 0.000192732
0 0.422806 0.888 0.117551 0.210667 0.000195461
0 0.988624 0.905333 0.0227519 0.117333 0.000196927
0 0.751896 0.000666667 0.0823402 0.00133333 0.000197525
0 0.968852 0.23 0.0514626 0.092 0.000199028
0 0.490791 0.72 0.0769231 0.133333 0.000199594
0 0.906284 0.215333 0.0346696 0.052 0.00020086
0 0.229686 0.298 0.0368364 0.113333 0.000206282
0 0.285211 0.208667 0.0622969 0.118667 0.000207912
0 0.618364 0.000666667 0.052546 0.00133333 0.000208568
0 0.237811 0.431333 0.0422535 0.0946667 0.00020963
0 0.889762 0.424 0.0622969 0.088 0.000217446
0 0.937432 0.966 0.0406284 0.0493333 0.000217666
0 0.453142 0.842 0.0406284 0.113333 0.000219121
0 0.742687 0.840667 0.056338 0.0866667 0.000219986
0 0.696641 0.214 0.0314193 0.0786667 0.000220875
0 0.279794 0.936 0.0568797 0.109333 0.000229782
0 0.709642 0.985333 0.0335861 0.0266667 0.000231877
0 0.205309 0.454 0.0520043 0.0893333 0.000231907
0 0.939328 0.706667 0.0769231 0.109333 0.000233036
0 0.0197725 0.5 0.039545 1 0.000235189
0 0.238082 0.323333 0.0449621 0.124 0.000238625
0 0.543337 0.659333 0.0379198 0.068 0.000245757
0 0.281419 0.821333 0.0720477 0.104 0.000251818
0 0.867281 0.342667 0.0520043 0.072 0.000252472
0 0.365655 0.877333 0.212351 0.2 0.000257304
0 0.283315 0.119333 0.0628386 0.193333 0.000260001
0 0.410618 0.114 0.0617551 0.0946667 0.000260675
0 0.77546 0.103333 0.0482123 0.068 0.000266915
0 0.451246 0.618 0.056338 0.0946667 0.000267526
0 0.909534 0.706667 0.0487541 0.096 0.000269484
0 0.00785482 0.801333 0.0157096 0.394667 0.000271553
0 0.988082 0.114 0.0238353 0.166667 0.000288227
0 0.678494 0.0646667 0.0861322 0.124 0.0002926
0 0.689057 0.234 0.0303359 0.0973333 0.000298887
0 0.469393 0.748667 0.0612134 0.164 0.000314228
0 0.743499 0.0853333 0.0752979 0.114667 0.000316325
0 0.783857 0.193333 0.0433369 0.0666667 0.000319599
0 0.719122 0 0.0590466 0 0.000328046
0 0.304442 0.954 0.092091 0.092 0.000332434
0 0.803629 0.502 0.0362947 0.0546667 0.000359663
0 0.250813 0.246667 0.0487541 0.112 0.00036401
0 0.515439 0.7 0.0655471 0.0986667 0.000364146
0 0.708017 0.784667 0.035753 0.076 0.00036575
0 0.258938 0.759333 0.092091 0.230667 0.000378868
0 0.245666 0.147333 0.0373781 0.105333 0.000385746
0 0.622969 0.318667 0.0238353 0.064 0.000392149
0 0.230769 0.378667 0.0444204 0.104 0.000416177
0 0.420098 0.09 0.0482123 0.0573333 0.000416526
0 0.235374 0.175333 0.0655471 0.1 0.000417444
0 0.656284 0.0606667 0.0427952 0.1 0.000429251
0 0.989166 0.737333 0.0216685 0.109333 0.000430796
0 0.685265 0 0.0617551 0 0.00043356
0 0.300921 0.993333 0.0904659 0.0133333 0.000436554
0 0.408992 0.568 0.0682557 0.08 0.000447942
0 0.99052 0.944 0.0189599 0.0533333 0.00044873
0 0.643283 0.0473333 0.024377 0.0893333 0.000455224
0 0.766251 0.524667 0.0276273 0.044 0.000467448
0 0.682557 0.214667 0.0368364 0.088 0.000475785
0 0.168743 0.869333 0.0287107 0.149333 0.000506406
0 0.848321 0.178667 0.0476706 0.0853333 0.00051629
0 0.207205 0.456 0.0861322 0.114667 0.000524551
0 0.654659 0.000666667 0.0557963 0.00133333 0.000530991
0 0.843716 0.141333 0.0536295 0.0906667 0.00054176
0 0.770043 0.0846667 0.0373781 0.0786667 0.000552073
0 0.913597 0.665333 0.0514626 0.0586667 0.000556517
0 0.31961 0.964 0.0520043 0.0586667 0.000593684
0 0.535211 0.678667 0.0476706 0.08 0.000614416
0 0.418202 0.589333 0.0509209 0.0826667 0.00065774
0 0.252438 0.210667 0.0433369 0.096 0.000712519
0 0.580986 0.268667 0.0157096 0.052 0.000815837
0 0.25948 0.824667 0.0650054 0.116 0.000866478
0 0.776002 0.520667 0.0449621 0.06 0.000880185
0 0.288191 0.179333 0.0541712 0.0866667 0.000920876
0 0.263272 0.104 0.0650054 0.194667 0.000933592
0 0.939057 0.676667 0.0698808 0.068 0.000965548
0 0.270856 0.162 0.0725894 0.105333 0.00108645
0 0.647616 0.0906667 0.0341278 0.0533333 0.00116917
0 0.542253 0.664 0.0704225 0.0826667 0.00118708
0 0.280065 0.0546667 0.0292524 0.0906667 0.00122899
0 0.813922 0.146667 0.0514626 0.0826667 0.00135237
0 0.519502 0.666 0.063922 0.0813333 0.0014191
0 0.757584 0.0906667 0.052546 0.088 0.00142225
0 0.849675 0.505333 0.0536295 0.0693333 0.00143305
0 0.436078 0.606 0.0433369 0.084 0.00166402
0 0.792795 0.986 0.0211268 0.0253333 0.00169048
0 0.956934 0.975333 0.0796316 0.0413333 0.00183572
0 0.460726 0.872667 0.039545 0.166667 0.00189264
0 0.287649 0.960667 0.0595883 0.068 0.00225076
0 0.866468 0.5 0.0471289 0.0613333 0.00251377
0 0.75325 0.118667 0.0536295 0.0826667 0.00439404
0 0.927952 0.670667 0.0476706 0.048 0.00476557
0 0.689328 0.216667 0.024377 0.06 0.00495317
0 0.226706 0.456667 0.0460455 0.0973333 0.0130418
0 0.254334 0.171333 0.0492958 0.0946667 0.0137435
0 0.303359 0.978667 0.0855905 0.0426667 0.0168246
0 0.426327 0.838 0.104009 0.124 0.0186701
0 0.989437 0.965333 0.0211268 0.0586667 0.0246292
0 0.761105 0.103333 0.0411701 0.0546667 0.0321735
0 0.936349 0.979333 0.0373781 0.0306667 0.061174
0 0.483749 0.853333 0.0769231 0.122667 0.374485
0 0.618906 0.909333 0.0655471 0.0693333 0.864522
0 0.679036 0.535333 0.0352113 0.1 0.870439
0 0.278711 0.883333 0.0655471 0.0733333 0.876074
0 0.606176 0.397333 0.0314193 0.144 0.886892
0 0.332069 0.437333 0.0693391 0.138667 0.924036
