0 0.95585 0.510667 0.067714 0.0986667 0.000102845
0 0.277627 0.983333 0.0362947 0.0333333 0.000103646
0 0.470748 0.0686667 0.0585049 0.132 0.000105954
0 0.333424 0.108667 0.0178765 0.0546667 0.000106044
0 0.759751 0.974 0.024377 0.0466667 0.000109106
0 0.994312 0.572 0.0113759 0.136 0.00011243
0 0.313922 0.172 0.0178765 0.072 0.000112638
0 0.99052 0.273333 0.0189599 0.168 0.000112764
0 0.99377 0.444 0.0124594 0.122667 0.000112854
0 0.99052 0.363333 0.0189599 0.214667 0.000113131
0 0.28792 0.466667 0.0785482 0.282667 0.000116754
0 0.722644 0.265333 0.0303359 0.0853333 0.000118338
0 0.709913 0.0313333 0.0633803 0.0573333 0.000121411
0 0.467768 0.000666667 0.0709642 0.00133333 0.000123837
0 0.63922 0.0546667 0.0530878 0.104 0.000124458
0 0.288191 0.365333 0.0617551 0.0826667 0.000126383
0 0.885428 0.466667 0.10455 0.114667 0.000128756
0 0.871073 0.228667 0.239437 0.396 0.000130472
0 0.983207 0.699333 0.0335861 0.198667 0.000131289
0 0.532232 0.111333 0.0579632 0.0946667 0.000133554
0 0.549025 0.116667 0.0633803 0.118667 0.000141825
0 0.26571 0.586 0.0265439 0.0653333 0.000149628
0 0.848321 0.974667 0.0888407 0.0453333 0.000155429
0 0.413326 0.633333 0.0151679 0.032 0.00015555
0 0.660347 0.984667 0.0162514 0.02 0.000155612
0 0.321777 0.188667 0.028169 0.0466667 0.000156923
0 0.894908 0.372 0.146262 0.189333 0.000158838
0 0.273023 0.354667 0.0314193 0.0773333 0.000159075
0 0.679036 0.0393333 0.0742145 0.0786667 0.000160979
0 0.646262 0.000666667 0.0780065 0.00133333 0.000162048
0 0.299837 0.188667 0.0460455 0.0733333 0.000162712
0 0.652221 0.845333 0.00975081 0.0266667 0.000164018
0 0.274377 0.968667 0.0438787 0.0626667 0.000164579
0 0.407638 0.629333 0.0222102 0.04 0.000165944
0 0.3039 0.414 0.0390032 0.118667 0.000166515
0 0.50623 0.000666667 0.0752979 0.00133333 0.000175768
0 0.616739 0.000666667 0.0731311 0.00133333 0.000178907
0 0.312839 0.544 0.0287107 0.0373333 0.000184773
0 0.286836 0.410667 0.0622969 0.176 0.000187289
0 0.315547 0.413333 0.0265439 0.122667 0.000197261
0 0.791712 0.978 0.0547129 0.0413333 0.000198358
0 0.903846 0.351333 0.0590466 0.076 0.000200104
0 0.54442 0.0826667 0.0866739 0.157333 0.000200832
0 0.9526 0.966667 0.0590466 0.0613333 0.00020519
0 0.992687 0.694 0.0146262 0.150667 0.000206532
0 0.985103 0.786667 0.0297941 0.141333 0.000214884
0 0.988082 0.642667 0.0238353 0.152 0.000224482
0 0.323673 0.146667 0.0373781 0.136 0.000225855
0 0.993499 0.777333 0.0130011 0.136 0.000239881
0 0.321506 0.710667 0.0178765 0.0346667 0.000249657
0 0.294691 0.855333 0.0660888 0.110667 0.00025221
0 0.373781 0.571333 0.0173348 0.092 0.000252961
0 0.276002 0.989333 0.0417118 0.0213333 0.000259735
0 0.989166 0.861333 0.0216685 0.104 0.000261992
0 0.273564 0.588 0.0260022 0.0853333 0.000264854
0 0.632178 0.39 0.0368364 0.092 0.00026551
0 0.610509 0.0533333 0.071506 0.101333 0.000269268
0 0.726436 0.04 0.0725894 0.0773333 0.000270926
0 0.973456 0.377333 0.0530878 0.266667 0.000274783
0 0.504334 0.1 0.0650054 0.117333 0.000310168
0 0.27546 0.380667 0.0384615 0.118667 0.000327931
0 0.481853 0.100667 0.0687974 0.108 0.000328822
0 0.921181 0.484 0.155471 0.234667 0.000329199
0 0.358613 0.738667 0.0314193 0.176 0.000340041
0 0.313109 0.204667 0.0184182 0.076 0.000342394
0 0.98429 0.88 0.0314193 0.141333 0.000344263
0 0.287107 0.629333 0.0530878 0.101333 0.000370977
0 0.97454 0.516 0.0509209 0.152 0.000377669
0 0.982936 0.574667 0.0341278 0.221333 0.000379713
0 0.91468 0.954667 0.107801 0.0853333 0.000383869
0 0.625406 0.0493333 0.0373781 0.0933333 0.000386026
0 0.992958 0.898667 0.0140845 0.133333 0.000389344
0 0.99052 0.944 0.0189599 0.104 0.000392966
0 0.613218 0.785333 0.0108342 0.032 0.00039423
0 0.726706 0.974667 0.0785482 0.048 0.000423377
0 0.982394 0.842667 0.0352113 0.096 0.000453246
0 0.6961 0.776667 0.0520043 0.0573333 0.000461132
0 0.922264 0.381333 0.0937161 0.149333 0.00048354
0 0.309588 0.0373333 0.0200433 0.072 0.000487211
0 0.982394 0.410667 0.0352113 0.168 0.000521078
0 0.991603 0.525333 0.0167931 0.152 0.000530223
0 0.978602 0.65 0.0417118 0.113333 0.000536378
0 0.953142 0.384 0.0590466 0.146667 0.000673202
0 0.652221 0.814667 0.020585 0.0906667 0.00085188
0 0.330986 0.622667 0.0476706 0.202667 0.00109303
0 0.709642 0.784667 0.0314193 0.068 0.00109493
0 0.991874 0.478 0.0162514 0.0866667 0.00112563
0 0.358072 0.696 0.028169 0.0853333 0.00134514
0 0.554713 0.518667 0.00866739 0.0213333 0.00146162
0 0.328819 0.756667 0.0400867 0.132 0.00171777
0 0.949079 0.481333 0.100758 0.173333 0.00177796
0 0.913868 0.418667 0.121343 0.146667 0.0019328
0 0.317985 0.846 0.0270856 0.113333 0.00204203
0 0.98402 0.482 0.031961 0.105333 0.00217024
0 0.873239 0.972667 0.0400867 0.044 0.00278855
0 0.319881 0.582667 0.0189599 0.117333 0.00303596
0 0.319339 0.542 0.0167931 0.0333333 0.00397567
0 0.306338 0.186667 0.0308776 0.0453333 0.00400409
0 0.315547 0.372 0.0189599 0.0346667 0.00566469
0 0.966414 0.441333 0.0660888 0.146667 0.0065074
0 0.320152 0.880667 0.0216685 0.0573333 0.0073553
0 0.314193 0.188 0.0151679 0.04 0.011378
0 0.954225 0.409333 0.0427952 0.0853333 0.0261719
0 0.933099 0.411333 0.0807151 0.102667 0.0628811
0 0.806067 0.979333 0.0249187 0.0333333 0.122479
0 0.355634 0.613333 0.0352113 0.181333 0.850591
0 0.906284 0.836667 0.0736728 0.0706667 0.861833
0 0.444745 0.467333 0.0303359 0.182667 0.873726
0 0.556067 0.838 0.0666305 0.084 0.901666
0 0.615114 0.361333 0.0709642 0.149333 0.932115
