0 0.93364 0.440667 0.132719 0.374667 0.000103153
0 0.979144 0.038 0.0406284 0.0733333 0.000105303
0 0.78494 0.43 0.0520043 0.0866667 0.000105489
0 0.942579 0.212 0.0704225 0.109333 0.000107252
0 0.444204 0.287333 0.035753 0.0866667 0.000111232
0 0.797942 0.454667 0.0444204 0.088 0.000114495
0 0.381094 0.883333 0.0449621 0.116 0.000114548
0 0.847237 0.382667 0.0422535 0.0826667 0.000114865
0 0.747021 0.469333 0.0509209 0.0693333 0.000116539
0 0.711809 0.788 0.028169 0.064 0.000117779
0 0.751083 0.981333 0.0352113 0.0346667 0.000118558
0 0.769772 0.164 0.028169 0.0906667 0.000118669
0 0.890574 0.399333 0.206934 0.369333 0.000120251
0 0.972914 0.218 0.0335861 0.0573333 0.000122121
0 0.516793 0.493333 0.0216685 0.032 0.000123555
0 0.927681 0.235333 0.0460455 0.0786667 0.000128427
0 0.287378 0.913333 0.0352113 0.130667 0.000134088
0 0.456121 0.309333 0.0130011 0.0346667 0.000135816
0 0.868093 0.294667 0.0709642 0.0986667 0.00013604
0 0.862676 0.338 0.0655471 0.102667 0.000136313
0 0.910618 0.824667 0.0585049 0.1 0.000137458
0 0.82286 0.377333 0.056338 0.0906667 0.000139151
0 0.898429 0.283333 0.0633803 0.1 0.000140907
0 0.453142 0.303333 0.0189599 0.0493333 0.000143926
0 0.66441 0.264667 0.0146262 0.0253333 0.000144806
0 0.809588 0.306 0.0514626 0.102667 0.000145309
0 0.601842 0.666667 0.00975081 0.0213333 0.000147914
0 0.900596 0.128 0.0568797 0.128 0.000149728
0 0.96831 0.809333 0.0427952 0.0826667 0.000151495
0 0.803359 0.408667 0.0422535 0.0973333 0.00015514
0 0.454496 0.442667 0.00866739 0.032 0.000161849
0 0.975894 0.783333 0.0482123 0.137333 0.000169619
0 0.989166 0.737333 0.0216685 0.146667 0.000170567
0 0.840466 0.384667 0.108884 0.206667 0.000173299
0 0.566089 0.222667 0.0108342 0.032 0.000174404
0 0.615655 0.245333 0.0135428 0.032 0.000175702
0 0.904659 0.303333 0.0422535 0.0653333 0.000178029
0 0.721831 0.584 0.0579632 0.0906667 0.000181286
0 0.351842 0.879333 0.052546 0.0973333 0.000186338
0 0.760022 0.304 0.0195016 0.0293333 0.000189099
0 0.990791 0.0773333 0.0184182 0.138667 0.000193184
0 0.620531 0.934667 0.0308776 0.0693333 0.000194984
0 0.766522 0.49 0.0476706 0.0706667 0.000197344
0 0.846425 0.0833333 0.178223 0.164 0.0001997
0 0.423889 0.955333 0.0287107 0.068 0.000200767
0 0.86403 0.311333 0.141928 0.190667 0.000201684
0 0.726436 0.546667 0.0574215 0.0826667 0.000205994
0 0.941224 0.124 0.115385 0.248 0.000207783
0 0.957205 0.72 0.0855905 0.386667 0.000216379
0 0.681203 0.461333 0.0362947 0.125333 0.000218226
0 0.400596 0.750667 0.0438787 0.133333 0.000219809
0 0.883803 0.102667 0.0666305 0.16 0.000222907
0 0.982394 0.571333 0.0352113 0.22 0.000228527
0 0.989707 0.685333 0.020585 0.088 0.000234768
0 0.982665 0.066 0.0346696 0.124 0.000234902
0 0.991874 0.348 0.0162514 0.197333 0.000240864
0 0.29442 0.978667 0.0774648 0.0426667 0.000249767
0 0.00839653 0.828 0.0167931 0.336 0.000252016
0 0.963976 0.257333 0.0720477 0.194667 0.000252849
0 0.944204 0.245333 0.0227519 0.0373333 0.000252932
0 0.653034 0.492 0.0666305 0.064 0.000262618
0 0.837757 0.362 0.0763814 0.124 0.000267562
0 0.717768 0.479333 0.0985916 0.121333 0.000270326
0 0.810943 0.361333 0.0465872 0.072 0.000273258
0 0.95883 0.498667 0.0823402 0.226667 0.000273786
0 0.687161 0.797333 0.0276273 0.0746667 0.000275401
0 0.936891 0.244667 0.0287107 0.0493333 0.000275817
0 0.405742 0.0213333 0.0325027 0.0426667 0.000279924
0 0.919556 0.821333 0.0807151 0.176 0.000285271
0 0.423889 0.912 0.031961 0.104 0.000292258
0 0.917118 0.22 0.0530878 0.088 0.00029984
0 0.763543 0.511333 0.0427952 0.0626667 0.000305909
0 0.791712 0.467333 0.0352113 0.0573333 0.000313751
0 0.984561 0.419333 0.0308776 0.158667 0.000315845
0 0.901138 0.850667 0.0438787 0.0933333 0.000352134
0 0.98727 0.313333 0.0254605 0.229333 0.000353392
0 0.980228 0.645333 0.039545 0.133333 0.000358586
0 0.368364 0.726667 0.0769231 0.141333 0.000363938
0 0.372698 0.821333 0.0780065 0.130667 0.000398466
0 0.964789 0.504667 0.0303359 0.052 0.000404014
0 0.374594 0.642 0.0514626 0.0866667 0.000408488
0 0.378386 0.789333 0.0471289 0.0773333 0.000420315
0 0.691224 0.48 0.0509209 0.101333 0.000427
0 0.989437 0.432667 0.0211268 0.113333 0.000429881
0 0.978332 0.722 0.0433369 0.158667 0.0004313
0 0.764355 0.549333 0.0335861 0.0506667 0.000431629
0 0.97481 0.475333 0.0503792 0.129333 0.000442249
0 0.937432 0.766667 0.039545 0.0826667 0.000453162
0 0.37649 0.774 0.056338 0.18 0.000465314
0 0.277898 0.892 0.0303359 0.096 0.000477154
0 0.897887 0.234667 0.13922 0.176 0.000480507
0 0.371343 0.868667 0.0222102 0.0786667 0.000484959
0 0.986457 0.03 0.0270856 0.0546667 0.000487187
0 0.987812 0.241333 0.024377 0.144 0.000520247
0 0.903846 0.894 0.0492958 0.174667 0.000526513
0 0.842633 0.257333 0.0568797 0.117333 0.000551242
0 0.799025 0.323333 0.0487541 0.06 0.000563124
0 0.77221 0.158667 0.0222102 0.0533333 0.000578393
0 0.973998 0.612 0.0520043 0.184 0.000584786
0 0.66468 0.161333 0.0335861 0.0293333 0.000634954
0 0.979415 0.682 0.0411701 0.084 0.000637698
0 0.379198 0.762 0.0379198 0.0973333 0.000650272
0 0.959101 0.726667 0.0807151 0.202667 0.000657975
0 0.991603 0.156 0.0167931 0.277333 0.000679145
0 0.362947 0.904667 0.0422535 0.14 0.000682651
0 0.97481 0.244 0.0503792 0.12 0.000686699
0 0.904117 0.0793333 0.0758397 0.153333 0.000690741
0 0.953142 0.228 0.0482123 0.0826667 0.000691331
0 0.428494 0.833333 0.0335861 0.0906667 0.000743184
0 0.985645 0.460667 0.0287107 0.108 0.000787749
0 0.888137 0.195333 0.220477 0.390667 0.000799895
0 0.748375 0.509333 0.0590466 0.0826667 0.000814452
0 0.364301 0.859333 0.0362947 0.0946667 0.000973798
0 0.494854 0.895333 0.0102925 0.0466667 0.00099438
0 0.886782 0.144 0.0498375 0.08 0.00105453
0 0.413326 0.841333 0.0476706 0.0986667 0.00106597
0 0.934182 0.564667 0.0427952 0.092 0.00109338
0 0.940953 0.78 0.0628386 0.12 0.0011242
0 0.972644 0.835333 0.0547129 0.137333 0.00117387
0 0.954225 0.810667 0.0861322 0.173333 0.00118233
0 0.274648 0.918667 0.0390032 0.146667 0.00127995
0 0.870531 0.218667 0.147346 0.290667 0.00132485
0 0.363759 0.685333 0.0893824 0.109333 0.00144471
0 0.846696 0.293333 0.084507 0.125333 0.00160878
0 0.994041 0.200667 0.0119177 0.188 0.00172853
0 0.394095 0.794667 0.031961 0.056 0.00196045
0 0.939328 0.893333 0.119177 0.205333 0.00210006
0 0.809317 0.337333 0.0346696 0.0586667 0.00210709
0 0.956934 0.571333 0.0828819 0.198667 0.00212079
0 0.817714 0.316 0.0417118 0.0533333 0.00222864
0 0.370531 0.892667 0.0270856 0.110667 0.00234642
0 0.994583 0.293333 0.0108342 0.184 0.00269011
0 0.379469 0.672667 0.0503792 0.105333 0.00291066
0 0.945829 0.539333 0.0617551 0.134667 0.0030659
0 0.930661 0.582667 0.0325027 0.0506667 0.0034102
0 0.417118 0.817333 0.0390032 0.0613333 0.00418086
0 0.380823 0.823333 0.0422535 0.092 0.00441873
0 0.412514 0.787333 0.0352113 0.0653333 0.00452922
0 0.666847 0.492667 0.0346696 0.0573333 0.0046103
0 0.89247 0.123333 0.0417118 0.0706667 0.00486255
0 0.680932 0.494 0.0325027 0.0653333 0.00612836
0 0.711268 0.510667 0.0866739 0.101333 0.00637892
0 0.821506 0.328667 0.0644637 0.105333 0.00642182
0 0.995395 0.246667 0.0092091 0.125333 0.00669228
0 0.443933 0.578 0.0189599 0.0866667 0.0077322
0 0.371073 0.695333 0.056338 0.084 0.00905939
0 0.828819 0.294667 0.0606717 0.101333 0.024557
0 0.387324 0.847333 0.0530878 0.108 0.024646
0 0.385157 0.696 0.0400867 0.064 0.0371018
0 0.8513 0.318667 0.0644637 0.0693333 0.048012
0 0.696912 0.506 0.0579632 0.0626667 0.552798
0 0.389762 0.739333 0.031961 0.132 0.790008
0 0.427681 0.879333 0.0330444 0.142667 0.796384
0 0.779794 0.37 0.052546 0.068 0.846221
0 0.504605 0.643333 0.0232936 0.121333 0.898098
0 0.636782 0.783333 0.0460455 0.113333 0.911529
