0 0.669556 0.0886667 0.127844 0.172 0.000101982
0 0.722102 0.935333 0.0931744 0.126667 0.000103852
0 0.787107 0.146667 0.0747562 0.248 0.00010517
0 0.832882 0.156667 0.0460455 0.118667 0.000105986
0 0.91441 0.72 0.0628386 0.133333 0.000108276
0 1 0.484667 0 0.553333 0.000108656
0 0.982123 0.548667 0.035753 0.396 0.000111049
0 0.982123 0.838 0.035753 0.321333 0.000112434
0 0.903575 0.07 0.0725894 0.121333 0.000120691
0 0.628386 0.975333 0.128927 0.0466667 0.000122358
0 0.397075 0.004 0.0888407 0.008 0.000126318
0 0.423889 0 0.0850488 0 0.000128012
0 0.908451 0.148667 0.0747562 0.166667 0.000128702
0 0.0121885 0.216 0.024377 0.426667 0.00013138
0 0.571506 0.00133333 0.0942579 0.00266667 0.000134732
0 0.372427 0.00333333 0.0503792 0.00666667 0.000136199
0 0.987541 0.888 0.0249187 0.221333 0.000137746
0 0.7026 0.102 0.071506 0.198667 0.000139781
0 0.568527 0.406667 0.0872156 0.162667 0.000142571
0 0.706392 0.317333 0.0769231 0.178667 0.000143266
0 0.0176056 0 0.0341278 0 0.000144261
0 0.696912 0.932667 0.0449621 0.126667 0.000152874
0 0.970748 0.367333 0.0585049 0.294667 0.000153671
0 0.386241 0.052 0.0725894 0.101333 0.000168932
0 0.868635 0.0126667 0.122969 0.0253333 0.000170525
0 0.36403 0.0313333 0.0758397 0.0626667 0.000171637
0 0.73402 0 0.191766 0 0.00017388
0 0.814735 0.0193333 0.0931744 0.0386667 0.000174809
0 0.50325 0.00333333 0.0910076 0.00666667 0.000175025
0 0.994583 0.576667 0.0108342 0.356 0.000180318
0 0.749458 0.0973333 0.155471 0.194667 0.000185305
0 0.522752 0.0846667 0.0682557 0.156 0.000190715
0 0.643824 0 0.174973 0 0.000190929
0 0.0387324 0.496 0.0774648 0.992 0.000193695
0 0.872427 1 0.219393 0 0.000195056
0 0.378657 0.018 0.0552546 0.036 0.000200705
0 0.975352 0.0433333 0.0492958 0.0866667 0.000201998
0 0.0650054 0.002 0.128927 0.004 0.000213002
0 0.829361 0.098 0.131094 0.188 0.000214184
0 0.990249 0.711333 0.0195016 0.532 0.000217353
0 0.99377 0.258667 0.0124594 0.232 0.000218339
0 0.994583 0.0766667 0.0108342 0.142667 0.000218644
0 0.783044 0.93 0.0590466 0.129333 0.000219666
0 0.994041 0.364 0.0119177 0.186667 0.000222578
0 0.994854 0.248 0.0102925 0.162667 0.000225696
0 0.918202 0.00466667 0.0953413 0.00933333 0.000235414
0 0.828277 0 0.182015 0 0.00024333
0 0.991062 0.04 0.0178765 0.08 0.00024938
0 0.990249 0 0.0195016 0 0.00025142
0 0.995125 0.862667 0.00975081 0.269333 0.000273509
0 0.797671 0.0693333 0.0785482 0.130667 0.000278168
0 0.834507 0.0106667 0.0969664 0.0213333 0.000279658
0 0.96831 0.125333 0.0633803 0.242667 0.000286948
0 0.969122 0.0633333 0.0617551 0.126667 0.000317889
0 0.990791 0.538 0.0184182 0.476 0.000325257
0 0.981582 0.002 0.0368364 0.004 0.000400061
0 0.538462 0.038 0.0346696 0.0626667 0.000403738
0 0.992145 0.826 0.0157096 0.345333 0.000405548
0 0.0162514 0.519333 0.0325027 0.961333 0.000465929
0 0.00704225 0.766667 0.0140845 0.466667 0.000503029
0 0.959372 0.000666667 0.0801734 0.00133333 0.00051882
0 0.515168 0.0486667 0.0769231 0.0973333 0.000576611
0 0.99377 0.368 0.0124594 0.261333 0.000605094
0 0.765168 0.898667 0.0893824 0.184 0.000659729
0 0.706663 0.246 0.0308776 0.0626667 0.000685034
0 0.971289 0.23 0.0574215 0.334667 0.000689856
0 0.0111051 0.700667 0.0222102 0.598667 0.000733358
0 0.983478 0.406667 0.0330444 0.341333 0.000969558
0 0.298212 0.947333 0.0904659 0.102667 0.00118009
0 0.982936 0.068 0.0341278 0.133333 0.00142722
0 0.989978 0.330667 0.0200433 0.346667 0.00149912
0 0.376761 0.0253333 0.0460455 0.048 0.00167076
0 0.992958 0.190667 0.0140845 0.352 0.00170106
0 0.985103 0.178667 0.0297941 0.354667 0.00178195
0 0.99377 0.442667 0.0124594 0.418667 0.00363728
0 0.995666 0.224 0.00866739 0.256 0.00471199
0 0.996208 0.323333 0.00758397 0.156 0.00472092
0 0.315547 0.947333 0.0471289 0.0946667 0.00498628
0 0.993229 0.272 0.0124594 0.133333 0.00760621
0 0.542795 0.436667 0.135428 0.281333 0.0083137
0 0.993229 0.338667 0.0124594 0.189333 0.0130865
0 0.827465 0.056 0.0904659 0.112 0.0511839
0 0.520585 0.383333 0.100758 0.177333 0.872632
0 0.419014 0.814 0.133803 0.182667 0.886981
0 0.897616 0.593333 0.110509 0.405333 0.918382
