0 0.613759 0.321333 0.0595883 0.170667 0.000100609
0 0.966956 0.503333 0.0595883 0.150667 0.000101511
0 0.995125 0.266667 0.00975081 0.173333 0.000101818
0 0.306067 0.150667 0.0260022 0.168 0.000103303
0 0.34805 0.104 0.0341278 0.117333 0.000108631
0 0.357801 0.487333 0.0384615 0.214667 0.000110062
0 0.0747562 0.190667 0.035753 0.0853333 0.000114587
0 0.605092 0 0.132178 0 0.000117694
0 0.0121885 0.753333 0.024377 0.493333 0.000118659
0 0.662514 0.970667 0.0249187 0.048 0.000119273
0 0.830715 0.967333 0.0287107 0.0333333 0.000123519
0 0.831257 0.58 0.0178765 0.0506667 0.00012358
0 0.520585 0 0.0650054 0 0.00012495
0 0.808505 0.88 0.088299 0.210667 0.000125075
0 0.994854 0.04 0.0102925 0.08 0.000130841
0 0.40818 0.740667 0.0092091 0.0386667 0.000139057
0 0.992416 0 0.0151679 0 0.000141786
0 0.306338 0.068 0.024377 0.112 0.000142662
0 0.982936 0.914667 0.0211268 0.0293333 0.000146863
0 0.423077 0.183333 0.0368364 0.121333 0.000151185
0 0.585049 0.976667 0.0390032 0.0413333 0.000151753
0 0.834507 0.575333 0.0449621 0.06 0.000155654
0 0.985645 0.328667 0.0287107 0.145333 0.000155906
0 0.309047 0.428667 0.0265439 0.113333 0.000162279
0 0.486999 0 0.134345 0 0.000169272
0 0.0742145 0.195333 0.0368364 0.0413333 0.000171925
0 0.849404 0.358667 0.0617551 0.096 0.000176481
0 0.695558 0.806 0.063922 0.105333 0.000179006
0 0.69312 0.980667 0.0742145 0.0386667 0.000179595
0 0.994041 0.314667 0.0119177 0.173333 0.000202704
0 0.660347 0.8 0.0119177 0.032 0.000206696
0 0.988895 0.370667 0.0146262 0.0666667 0.000211451
0 0.971831 0.448 0.056338 0.154667 0.000214893
0 0.994854 0.0813333 0.0102925 0.16 0.000229745
0 0.934724 0.452667 0.0124594 0.0306667 0.000239208
0 0.985645 0.492667 0.0287107 0.150667 0.000270526
0 0.438787 0.056 0.0303359 0.0693333 0.000277369
0 0.699621 0.982 0.0547129 0.0333333 0.000313774
0 0.884886 0.404 0.0492958 0.088 0.00031923
0 0.995395 0.198 0.0092091 0.158667 0.000346376
0 0.993499 0.517333 0.0130011 0.149333 0.000372112
0 0.554713 0.448 0.00975081 0.0266667 0.000394789
0 0.685536 0.786 0.0352113 0.06 0.000400904
0 0.82286 0.966 0.0303359 0.06 0.000404071
0 0.30688 0.289333 0.0232936 0.04 0.000475111
0 0.731311 0.978 0.0704225 0.0413333 0.000530093
0 0.660347 0.79 0.0195016 0.06 0.000532027
0 0.832069 0.566 0.0162514 0.0226667 0.00060364
0 0.533857 0.026 0.0276273 0.0493333 0.00066475
0 0.313922 0.818 0.0265439 0.068 0.000667844
0 0.749729 0.978 0.0368364 0.0413333 0.000739214
0 0.438516 0.0733333 0.0330444 0.136 0.000964599
0 0.832882 0.883333 0.0557963 0.209333 0.000984166
0 0.666035 0.967333 0.0124594 0.0493333 0.00103082
0 0.989166 0.355333 0.0216685 0.102667 0.0011384
0 0.984561 0.423333 0.0308776 0.129333 0.00150102
0 0.597508 0.975333 0.0140845 0.0413333 0.00232345
0 0.991062 0.443333 0.0178765 0.150667 0.00262436
0 0.994583 0.415333 0.0108342 0.121333 0.00314474
0 0.910347 0.0546667 0.0232936 0.0746667 0.00322159
0 0.995395 0.356 0.0092091 0.096 0.00403761
0 0.524648 0.975333 0.0146262 0.036 0.00425819
0 0.838299 0.686667 0.0622969 0.277333 0.00507222
0 0.523564 0.028 0.0427952 0.056 0.00528281
0 0.996208 0.378667 0.00758397 0.056 0.00742032
0 0.515168 0.0393333 0.0606717 0.0786667 0.00812731
0 0.382449 0.978 0.0195016 0.036 0.0215964
0 0.452058 0.978667 0.0167931 0.0373333 0.106586
0 0.439328 0.146667 0.0335861 0.184 0.815199
0 0.932828 0.8 0.0855905 0.08 0.884712
0 0.937432 0.214 0.0557963 0.188 0.884905
0 0.348321 0.162 0.0400867 0.225333 0.886164
0 0.555796 0.789333 0.0693391 0.0853333 0.906327
0 0.618906 0.28 0.0763814 0.162667 0.940053
