0 0.937432 0.858667 0.109967 0.261333 0.000100373
0 0.10455 0.492667 0.209101 0.985333 0.000100513
0 0.0506501 0.473333 0.067714 0.165333 0.000100642
0 0.961538 0.940667 0.0758397 0.118667 0.000100961
0 0.131365 0.539333 0.130553 0.265333 0.000102596
0 0.42416 0.000666667 0.156013 0.00133333 0.000103534
0 0.979957 0.76 0.0400867 0.138667 0.000104212
0 0.983207 0.892667 0.0335861 0.190667 0.000105076
0 0.786566 0.0353333 0.0509209 0.0626667 0.000105491
0 0.635428 0.772667 0.0325027 0.0653333 0.00010933
0 0.208017 0.94 0.102925 0.12 0.000110344
0 0.501625 0.231333 0.0119177 0.0333333 0.000112028
0 0.464518 0.036 0.0633803 0.0693333 0.000112086
0 0.173077 0.379333 0.0427952 0.174667 0.000112522
0 0.597237 0.006 0.0612134 0.012 0.000112605
0 0.662784 0.00333333 0.0644637 0.00666667 0.000112985
0 0.317172 0 0.129469 0 0.000115763
0 0.943933 0.126667 0.112134 0.253333 0.000116613
0 0.935536 0.278 0.0877573 0.172 0.000116801
0 0.900054 0.204 0.198808 0.389333 0.000117259
0 0.497021 0.346 0.0265439 0.0626667 0.00011734
0 0.0831528 0.694667 0.0308776 0.16 0.000117528
0 0.191224 0.914 0.056338 0.1 0.0001197
0 0.817714 0.13 0.0731311 0.153333 0.000119748
0 0.682557 0.511333 0.0108342 0.06 0.000120074
0 0.751625 0.000666667 0.108884 0.00133333 0.000120341
0 0.579632 0.238 0.0184182 0.0333333 0.000122666
0 0.535753 0.032 0.0390032 0.064 0.000123691
0 0.993229 0.632 0.0135428 0.109333 0.000126099
0 0.551463 0.018 0.0498375 0.036 0.000126344
0 0.0371073 0.0693333 0.0178765 0.04 0.000126541
0 0.994312 0.108667 0.0113759 0.124 0.000127934
0 0.990791 0.847333 0.0184182 0.132 0.000128579
0 0.630823 0.05 0.0568797 0.0946667 0.000129038
0 0.537649 0 0.0915493 0 0.000129323
0 0.605634 0.0306667 0.0465872 0.0613333 0.000129653
0 0.977519 0.241333 0.0449621 0.176 0.00013139
0 0.710184 0.774 0.0314193 0.0386667 0.000132406
0 0.608613 0.301333 0.0222102 0.0613333 0.000137065
0 0.737812 0.064 0.092091 0.112 0.000140937
0 0.649242 0.002 0.0503792 0.004 0.000144252
0 0.989166 0.780667 0.0216685 0.148 0.000144426
0 0.138949 0.143333 0.0460455 0.092 0.000145072
0 0.170639 0.750667 0.0704225 0.165333 0.000145902
0 0.812026 0.0813333 0.063922 0.125333 0.000145957
0 0.690683 0.0353333 0.0498375 0.0706667 0.000146133
0 0.0148971 0.748 0.0297941 0.493333 0.000146235
0 0.804171 0.042 0.0590466 0.0813333 0.000146541
0 0.00812568 0.913333 0.0162514 0.173333 0.000147384
0 0.993499 0.542 0.0130011 0.116 0.000149632
0 0.939328 0 0.121343 0 0.000152672
0 0.482665 0.4 0.0314193 0.0693333 0.000153625
0 0.985374 0.672667 0.0292524 0.182667 0.000157032
0 0.99052 0.74 0.0189599 0.122667 0.000165587
0 0.26896 0.201333 0.0406284 0.072 0.000167674
0 0.812839 0.708 0.0178765 0.032 0.000169038
0 0.231853 0.801333 0.0292524 0.0746667 0.000173003
0 0.988895 0.578667 0.0222102 0.114667 0.000178487
0 0.713434 0.00133333 0.0899242 0.00266667 0.000179664
0 0.616197 0.002 0.052546 0.004 0.000181402
0 0.928494 0.342 0.140845 0.308 0.000181559
0 0.990249 0.694667 0.0195016 0.106667 0.000186414
0 0.732123 0.130667 0.031961 0.072 0.000186485
0 0.613759 0.945333 0.0216685 0.104 0.000188872
0 0.965872 0.654667 0.0660888 0.192 0.000192209
0 0.800108 0.0693333 0.0444204 0.0666667 0.000193047
0 0.140845 0.676 0.122427 0.341333 0.000194356
0 0.582069 0.0306667 0.0514626 0.0586667 0.000204133
0 0.972644 0.0366667 0.052546 0.0706667 0.000204892
0 0.833424 0.078 0.0774648 0.14 0.000206416
0 0.562297 0.0266667 0.0400867 0.048 0.000208228
0 0.54117 0.0153333 0.0292524 0.0306667 0.000209921
0 0.565005 0.00266667 0.0617551 0.00533333 0.000210655
0 0.992416 0.062 0.0151679 0.116 0.000214208
0 0.99377 0.586667 0.0124594 0.088 0.000215117
0 0.579902 0 0.0915493 0 0.000217656
0 0.641387 0.0453333 0.0314193 0.0826667 0.00021858
0 0.961809 0.36 0.0341278 0.0586667 0.00022176
0 0.856446 0.188 0.127844 0.304 0.000224496
0 0.972914 0.362667 0.0541712 0.0853333 0.000225331
0 0.988624 0.92 0.0227519 0.152 0.000227442
0 0.972914 0.806667 0.0541712 0.12 0.000228844
0 0.295233 0.0566667 0.108342 0.113333 0.000249551
0 0.158992 0.15 0.0763814 0.129333 0.000250186
0 0.771127 0.814667 0.0232936 0.0426667 0.000259164
0 0.97156 0.0906667 0.0568797 0.16 0.000262544
0 0.157096 0.803333 0.0314193 0.0733333 0.000266838
0 0.399512 0.624667 0.0146262 0.0573333 0.000269241
0 0.922535 0.094 0.0390032 0.0573333 0.000270821
0 0.67416 0.000666667 0.111051 0.00133333 0.000271058
0 0.993499 0.949333 0.0130011 0.0933333 0.000272344
0 0.620802 0.000666667 0.0942579 0.00133333 0.000273524
0 0.0365655 0.118667 0.024377 0.0853333 0.000281678
0 0.983478 0.187333 0.0330444 0.193333 0.00028438
0 0.0184182 0.488667 0.0368364 0.977333 0.000286768
0 0.979144 0.716 0.0417118 0.117333 0.000296493
0 0.175244 0.324 0.0297941 0.064 0.000297217
0 0.719122 0.00333333 0.0579632 0.00666667 0.00030916
0 0.196912 0.121333 0.0362947 0.0693333 0.000315408
0 0.716956 0.0186667 0.0731311 0.0373333 0.000324461
0 0.952871 0.0453333 0.0790899 0.0906667 0.000336259
0 0.00947996 0.837333 0.0189599 0.317333 0.000344136
0 0.683099 0.61 0.0108342 0.028 0.000344875
0 0.187432 0.948 0.0552546 0.0906667 0.000345546
0 0.98727 0.124667 0.0254605 0.238667 0.000376088
0 0.948537 0.303333 0.0509209 0.113333 0.000405427
0 0.140845 0.166667 0.0390032 0.0666667 0.000427143
0 0.74052 0.935333 0.0390032 0.076 0.000427192
0 0.00704225 0.098 0.0140845 0.185333 0.00043128
0 0.934724 0.064 0.067714 0.101333 0.00043849
0 0.690683 0.00266667 0.0487541 0.00533333 0.00044574
0 0.536024 0.00333333 0.0557963 0.00666667 0.000450762
0 0.177952 0.876667 0.0536295 0.142667 0.000450818
0 0.453684 0.703333 0.0146262 0.068 0.00045981
0 0.172264 0.116 0.0595883 0.0773333 0.000471694
0 0.849675 0.324 0.039545 0.0853333 0.000476642
0 0.965872 0.202 0.0682557 0.337333 0.000490747
0 0.872969 0.979333 0.052546 0.0413333 0.000517867
0 0.503792 0.00266667 0.0660888 0.00533333 0.000521871
0 0.992145 0.14 0.0157096 0.165333 0.000527221
0 0.705038 0.985333 0.0373781 0.0293333 0.000605693
0 0.850488 0.0293333 0.0595883 0.0586667 0.00062169
0 0.925785 0.940667 0.0758397 0.113333 0.000649824
0 0.169014 0.552667 0.0520043 0.233333 0.000663469
0 0.265439 0.859333 0.0216685 0.0386667 0.00067446
0 0.794962 0.169333 0.195558 0.328 0.000730769
0 0.929307 0.248 0.140303 0.245333 0.000749856
0 0.0138137 0.09 0.0276273 0.172 0.000773797
0 0.155471 0.465333 0.0801734 0.133333 0.000775708
0 0.956934 0.758667 0.0850488 0.226667 0.000863258
0 0.486457 0.421333 0.0335861 0.072 0.000863873
0 0.303359 0.936 0.0184182 0.0373333 0.000874054
0 0.0154388 0.182667 0.0308776 0.365333 0.0009169
0 0.482665 0.963333 0.0303359 0.0626667 0.000989655
0 0.319068 0.0526667 0.0541712 0.1 0.00113803
0 0.608342 0.284 0.0184182 0.0586667 0.00115395
0 0.989978 0.218 0.0200433 0.265333 0.00116871
0 0.613489 0.973333 0.0200433 0.048 0.00124865
0 0.170098 0.911333 0.0379198 0.164 0.0012698
0 0.171993 0.923333 0.0287107 0.0706667 0.00130528
0 0.988353 0.292 0.0232936 0.178667 0.00132437
0 0.173077 0.479333 0.0449621 0.1 0.00142893
0 0.00758397 0.184 0.0151679 0.368 0.0014923
0 0.992416 0.214667 0.0151679 0.12 0.00165695
0 0.843174 0.23 0.088299 0.185333 0.00167768
0 0.168472 0.862667 0.0379198 0.106667 0.0018868
0 0.187432 0.113333 0.028169 0.0613333 0.00193636
0 0.733478 0.913333 0.028169 0.0506667 0.0019849
0 0.244854 0.86 0.0433369 0.0586667 0.00221525
0 0.713705 0.0346667 0.0752979 0.0693333 0.00222853
0 0.488624 0.04 0.0899242 0.0773333 0.00286447
0 0.606988 0.981333 0.0232936 0.0346667 0.0043057
0 0.161701 0.827333 0.0254605 0.036 0.00479114
0 0.962893 0.289333 0.0742145 0.157333 0.00586694
0 0.384615 0.981333 0.020585 0.032 0.00592523
0 0.992145 0.262667 0.0157096 0.101333 0.0103514
0 0.242145 0.82 0.0455038 0.128 0.0161298
0 0.732936 0.0186667 0.0574215 0.0346667 0.117395
0 0.17416 0.952667 0.0265439 0.0866667 0.120584
0 0.736728 0.292 0.0270856 0.0986667 0.863003
0 0.276273 0.792667 0.0574215 0.129333 0.881283
0 0.406284 0.891333 0.0530878 0.118667 0.900807
0 0.515168 0.761333 0.0574215 0.08 0.906821
0 0.66143 0.335333 0.0444204 0.126667 0.910344
0 0.79442 0.589333 0.0579632 0.125333 0.922378
