0 0.759751 0.386667 0.0568797 0.144 0.000100938
0 0.416035 0.0946667 0.0650054 0.114667 0.000101038
0 0.327194 0.931333 0.0790899 0.129333 0.000101549
0 0.990791 0 0.0184182 0 0.000102032
0 0.373239 0.412 0.0628386 0.12 0.000103655
0 0.298754 0.585333 0.0763814 0.122667 0.00010372
0 0.393824 0.168667 0.0498375 0.0813333 0.000104525
0 0.92714 0.0706667 0.118635 0.141333 0.000105161
0 0.751896 0.481333 0.0400867 0.088 0.000105359
0 0.71831 0.443333 0.0520043 0.126667 0.000106709
0 0.349675 0.168 0.0687974 0.133333 0.000106947
0 0.528711 0.0446667 0.0606717 0.0893333 0.000107831
0 0.662514 0.032 0.0325027 0.064 0.000107967
0 0.586945 0.0506667 0.0341278 0.0826667 0.000109843
0 0.479686 0.05 0.0449621 0.0813333 0.000109849
0 0.915222 0.886 0.0579632 0.124 0.000110107
0 0.593174 0.197333 0.0238353 0.0933333 0.000111209
0 0.786566 0.404 0.035753 0.072 0.000111413
0 0.508126 0.052 0.0682557 0.104 0.000111903
0 0.771127 0.499333 0.0438787 0.0733333 0.000112313
0 0.219935 0.365333 0.0411701 0.064 0.000112481
0 0.60455 0.814667 0.0552546 0.0906667 0.000113638
0 0.454496 0.488 0.0465872 0.104 0.000114247
0 0.747833 0.234 0.0254605 0.0706667 0.000116294
0 0.489707 0.94 0.0379198 0.0826667 0.000116924
0 0.309588 0.112 0.169556 0.224 0.000118435
0 0.329902 0.002 0.0704225 0.004 0.000119402
0 0.559859 0.516 0.0644637 0.157333 0.000119774
0 0.56013 0.202 0.0455038 0.068 0.000120379
0 0.683099 0.796667 0.0455038 0.0466667 0.000120736
0 0.734561 0.197333 0.0411701 0.128 0.000121859
0 0.959372 0.773333 0.0585049 0.162667 0.000121897
0 0.362405 0.264667 0.0595883 0.0973333 0.000122175
0 0.329361 0.105333 0.056338 0.0986667 0.000124929
0 0.658992 0.0806667 0.0265439 0.0733333 0.000126057
0 0.602925 0.182 0.0346696 0.1 0.000126849
0 0.754063 0.244 0.0509209 0.109333 0.000126954
0 0.28169 0.637333 0.146262 0.509333 0.000126987
0 0.628386 0.0213333 0.0303359 0.04 0.000127073
0 0.9052 0.177333 0.0368364 0.122667 0.000127266
0 0.798483 0.367333 0.0422535 0.0786667 0.000127684
0 0.526273 0.582667 0.0536295 0.106667 0.00012865
0 0.32584 0.548667 0.0644637 0.110667 0.000129743
0 0.749729 0.008 0.0509209 0.016 0.000132519
0 0.644366 0.022 0.0254605 0.0413333 0.000132533
0 0.280065 0.500667 0.0606717 0.084 0.000133342
0 0.230498 0.618667 0.0406284 0.0533333 0.00013374
0 0.600217 0.146667 0.0303359 0.130667 0.000133792
0 0.244854 0.360667 0.0606717 0.0973333 0.000134569
0 0.53494 0.606667 0.0438787 0.101333 0.00013472
0 0.973727 0.795333 0.052546 0.164 0.000136028
0 0.704496 0.434 0.0352113 0.102667 0.000136585
0 0.747562 0.449333 0.0411701 0.0933333 0.000137535
0 0.596966 0.0793333 0.0270856 0.1 0.000138305
0 0.273294 0.531333 0.0763814 0.108 0.000138749
0 0.776273 0.237333 0.0292524 0.0453333 0.000142499
0 0.574485 0.604 0.0590466 0.125333 0.000143084
0 0.620531 0.108 0.0254605 0.0986667 0.000145486
0 0.760022 0.453333 0.0552546 0.117333 0.000146664
0 0.415493 0.0373333 0.0444204 0.0666667 0.000147415
0 0.236728 0.606 0.0498375 0.108 0.000147832
0 0.405471 0.764667 0.0622969 0.102667 0.000148306
0 0.401138 0.0533333 0.0427952 0.0773333 0.000148897
0 0.76598 0.142 0.0465872 0.105333 0.000150085
0 0.585861 0.186667 0.0308776 0.0933333 0.000151899
0 0.226436 0.0633333 0.0671723 0.126667 0.000153474
0 0.244312 0.573333 0.0595883 0.141333 0.000154255
0 0.292795 0.989333 0.0796316 0.0213333 0.000155045
0 0.425244 0.156 0.0411701 0.0826667 0.000155387
0 0.749187 0.278667 0.0292524 0.072 0.000155631
0 0.741603 0.368667 0.028169 0.092 0.000160096
0 0.493229 0.378667 0.0536295 0.117333 0.000161352
0 0.786566 0.374667 0.0422535 0.088 0.000163763
0 0.449621 0.111333 0.0541712 0.105333 0.000164043
0 0.513272 0.916667 0.0742145 0.113333 0.000164059
0 0.234561 0.359333 0.0476706 0.068 0.000165197
0 0.238895 0 0.0877573 0 0.000167092
0 0.56013 0.100667 0.0411701 0.0706667 0.000167848
0 0.739707 0.264 0.0308776 0.0613333 0.000168239
0 0.625135 0.807333 0.0606717 0.068 0.000168561
0 0.790899 0.048 0.0455038 0.096 0.000168752
0 0.623239 0.0813333 0.0287107 0.0986667 0.000170095
0 0.473456 0.33 0.0314193 0.06 0.000173754
0 0.397075 0.08 0.0552546 0.096 0.000176741
0 0.780065 0.274 0.0498375 0.110667 0.00017887
0 0.727519 0.044 0.0910076 0.088 0.00018201
0 0.336132 0.656 0.0644637 0.114667 0.000182496
0 0.308776 0.172667 0.12026 0.190667 0.00018419
0 0.503792 0.522 0.0520043 0.148 0.00018597
0 0.556338 0.0233333 0.0422535 0.0466667 0.000187028
0 0.622427 0.0306667 0.028169 0.0613333 0.000187574
0 0.739166 0.24 0.031961 0.0746667 0.000188476
0 0.574756 0.0393333 0.0433369 0.068 0.000190178
0 0.464247 0.425333 0.0541712 0.125333 0.000190225
0 0.656555 0.0213333 0.0303359 0.0426667 0.000190845
0 0.242145 0.652 0.0574215 0.141333 0.000191832
0 0.0763814 0.137333 0.0249187 0.112 0.00019239
0 0.842904 0.0573333 0.0801734 0.114667 0.000192489
0 0.930932 0.832667 0.0991333 0.18 0.000192614
0 0.89247 0.1 0.0514626 0.101333 0.000192889
0 0.944204 0.3 0.106176 0.136 0.000193894
0 0.713434 0.034 0.0487541 0.068 0.000194572
0 0.75 0.206 0.0232936 0.0733333 0.00019512
0 0.548212 0.544667 0.0541712 0.113333 0.000196965
0 0.723727 0.00333333 0.0585049 0.00666667 0.00019901
0 0.719664 0.131333 0.039545 0.0946667 0.000200234
0 0.486457 0.426667 0.0595883 0.122667 0.000202199
0 0.543337 0.0653333 0.0314193 0.08 0.000205406
0 0.631636 0.102 0.0292524 0.105333 0.000205842
0 0.921181 0 0.147887 0 0.000208388
0 0.775731 0.280667 0.0390032 0.06 0.000208466
0 0.60455 0.114667 0.0303359 0.112 0.000212318
0 0.212622 0.142667 0.0666305 0.088 0.000214222
0 0.56013 0.0426667 0.0422535 0.072 0.000214335
0 0.937432 0.610667 0.120802 0.154667 0.000216938
0 0.0503792 0 0.0985916 0 0.000219062
0 0.686349 0.086 0.0335861 0.06 0.000220539
0 0.5 0.478 0.0520043 0.108 0.000221307
0 0.796316 0.434667 0.0390032 0.0853333 0.000221883
0 0.697183 0.0233333 0.0498375 0.0466667 0.000222036
0 0.0130011 0.297333 0.0260022 0.594667 0.000223196
0 0.954767 0.816 0.0471289 0.0986667 0.000224192
0 0.229415 0.23 0.0557963 0.153333 0.000228346
0 0.242145 0.518 0.0530878 0.0653333 0.000231779
0 0.692849 0.438 0.0292524 0.0786667 0.000233323
0 0.00568797 0.13 0.0113759 0.26 0.000233918
0 0.611322 0.0946667 0.0254605 0.0773333 0.000234784
0 0.770585 0.0513333 0.0460455 0.0973333 0.000244061
0 0.287378 0 0.0785482 0 0.000244912
0 0.87649 0.106 0.0390032 0.0813333 0.000247682
0 0.449079 0.360667 0.0725894 0.129333 0.000249896
0 0.725081 0.09 0.052546 0.1 0.000250495
0 0.748104 0.819333 0.0671723 0.0946667 0.000250832
0 0.329632 0 0.067714 0 0.000252845
0 0.319068 0.985333 0.122427 0.0293333 0.000255614
0 0.836674 0 0.103467 0 0.000256501
0 0.342904 0.628 0.0606717 0.104 0.000257622
0 0.352384 0.688 0.0687974 0.0933333 0.000257735
0 0.54442 0.16 0.0422535 0.0773333 0.000262151
0 0.856988 0.116667 0.0433369 0.076 0.000262782
0 0.48727 0.124 0.0579632 0.106667 0.000263137
0 0.770314 0.354 0.0530878 0.108 0.000271325
0 0.78792 0.120667 0.0460455 0.0946667 0.000271563
0 0.527627 0.548 0.0585049 0.112 0.000274469
0 0.460455 0.335333 0.0552546 0.0866667 0.000278435
0 0.450433 0 0.0807151 0 0.000281224
0 0.606717 0.172 0.035753 0.0586667 0.0002813
0 0.324485 0.991333 0.156013 0.0173333 0.000282802
0 0.0067714 0.79 0.0135428 0.42 0.0002838
0 0.214789 0.263333 0.0926327 0.164 0.00028515
0 0.824485 0.263333 0.0520043 0.0786667 0.000296967
0 0.0102925 0.183333 0.020585 0.366667 0.000298117
0 0.284128 0.168667 0.13597 0.308 0.000299018
0 0.298212 0.919333 0.052546 0.118667 0.000301579
0 0.0154388 0.552667 0.0308776 0.881333 0.000303457
0 0.354821 0 0.0704225 0 0.000307209
0 0.793066 0 0.0628386 0 0.000308172
0 0.788191 0.0893333 0.0455038 0.0826667 0.000310297
0 0.485103 0 0.0687974 0 0.000310922
0 0.505146 0.0926667 0.0503792 0.0653333 0.000317361
0 0.519772 0.148 0.0503792 0.0853333 0.000319652
0 0.260022 0.0986667 0.071506 0.109333 0.000319709
0 0.63299 0.0333333 0.0265439 0.0666667 0.000323403
0 0.312839 0 0.0752979 0 0.000324813
0 0.681473 0.044 0.0530878 0.0826667 0.000335446
0 0.76571 0.781333 0.052546 0.072 0.000336945
0 0.770314 0.267333 0.0260022 0.036 0.000337866
0 0.758938 0.1 0.0325027 0.0746667 0.000342139
0 0.636511 0.062 0.0270856 0.0893333 0.000342565
0 0.499458 0.922 0.0487541 0.084 0.000343137
0 0.533315 0.101333 0.0406284 0.0746667 0.00034475
0 0.380823 0 0.0736728 0 0.000348516
0 0.660076 0.00266667 0.0427952 0.00533333 0.000354183
0 0.260293 0.177333 0.0872156 0.170667 0.000359946
0 0.688787 0 0.0482123 0 0.000364648
0 0.75 0.0726667 0.0633803 0.116 0.000368878
0 0.654388 0.06 0.0227519 0.08 0.000370858
0 0.416576 0 0.0780065 0 0.000372365
0 0.720206 0.0993333 0.0330444 0.0573333 0.0003735
0 0.943933 0.465333 0.106717 0.16 0.000378747
0 0.736999 0.332 0.0427952 0.096 0.000382184
0 0.235645 0.162667 0.0487541 0.117333 0.000385196
0 0.292524 0.514667 0.0595883 0.0693333 0.000387664
0 0.450433 0.0806667 0.0557963 0.0813333 0.000391705
0 0.401138 0.732667 0.0752979 0.116 0.000396191
0 0.596966 0.171333 0.020585 0.0786667 0.000398546
0 0.483749 0.491333 0.0411701 0.105333 0.000399447
0 0.45883 0 0.0552546 0 0.000402662
0 0.51598 0 0.0633803 0 0.000404364
0 0.737541 0.164 0.0406284 0.0933333 0.00040818
0 0.293066 0.548 0.0682557 0.109333 0.000408948
0 0.280336 0.500667 0.109967 0.297333 0.000413078
0 0.308505 0.943333 0.0557963 0.0973333 0.000416089
0 0.747833 0.0393333 0.0471289 0.0786667 0.00041749
0 0.786295 0.245333 0.0514626 0.0906667 0.000418535
0 0.554713 0.583333 0.0552546 0.1 0.000424736
0 0.280336 0.313333 0.153304 0.490667 0.000425133
0 0.0111051 0.744667 0.0222102 0.508 0.000425561
0 0.677952 0.0213333 0.0438787 0.0426667 0.000425913
0 0.54415 0 0.0514626 0 0.000428274
0 0.934724 0.324667 0.067714 0.092 0.000429608
0 0.357259 0 0.0698808 0 0.000434577
0 0.772481 0.086 0.0411701 0.0866667 0.00044705
0 0.760563 0 0.0552546 0 0.000448389
0 0.839382 0.114 0.0482123 0.0733333 0.000454548
0 0.217226 0.3 0.0758397 0.0986667 0.000455583
0 0.245937 0.239333 0.0812568 0.236 0.000461938
0 0.927681 0.509333 0.0633803 0.0853333 0.000464761
0 0.764626 0.292 0.0417118 0.101333 0.000467651
0 0.329632 0.691333 0.0644637 0.0866667 0.000473537
0 0.575027 0 0.0449621 0 0.000474125
0 0.362405 0.714 0.0660888 0.0893333 0.000481191
0 0.771668 0.117333 0.0449621 0.088 0.000491164
0 0.708559 0.780667 0.0400867 0.0706667 0.000508009
0 0.737812 0 0.0650054 0 0.000509347
0 0.573944 0.129333 0.0482123 0.114667 0.000531404
0 0.520585 0.07 0.0617551 0.092 0.000535437
0 0.277627 0.0966667 0.100217 0.145333 0.000536969
0 0.451517 0.0386667 0.0547129 0.0746667 0.000544593
0 0.770043 0.262 0.039545 0.084 0.000545021
0 0.313922 0.221333 0.208559 0.392 0.000566726
0 0.761918 0.325333 0.0384615 0.0826667 0.000580089
0 0.561755 0 0.0476706 0 0.000587038
0 0.39545 0 0.063922 0 0.000590036
0 0.831257 0.0753333 0.0579632 0.084 0.000590364
0 0.426598 0 0.0590466 0 0.000615455
0 0.235103 0.0913333 0.0574215 0.110667 0.000646962
0 0.764897 0.28 0.0260022 0.0426667 0.000655103
0 0.705038 0 0.0579632 0 0.000689842
0 0.751083 0.332667 0.0362947 0.084 0.000698836
0 0.891116 0.121333 0.0379198 0.072 0.000702924
0 0.747833 0.09 0.0417118 0.084 0.000713035
0 0.725894 0.412667 0.056338 0.0866667 0.000717178
0 0.786566 0.203333 0.0314193 0.0466667 0.000734016
0 0.260022 0.135333 0.0747562 0.121333 0.000749025
0 0.434453 0.0446667 0.0595883 0.084 0.000764459
0 0.587757 0 0.0390032 0 0.000774941
0 0.733749 0.104667 0.0341278 0.0546667 0.000779335
0 0.719122 0.351333 0.052546 0.129333 0.000781708
0 0.271398 0.565333 0.0975081 0.136 0.00078205
0 0.225894 0.116 0.0628386 0.096 0.000818491
0 0.511376 0.154667 0.0390032 0.056 0.000818977
0 0.64247 0.074 0.0238353 0.0813333 0.000824445
0 0.602113 0 0.0362947 0 0.000843347
0 0.241062 0.118667 0.0400867 0.0853333 0.000851388
0 0.697996 0.366 0.0222102 0.0893333 0.000886081
0 0.906555 0.898 0.0384615 0.092 0.000900371
0 0.26571 0.0593333 0.06013 0.110667 0.000953345
0 0.471289 0.468667 0.0498375 0.1 0.000972369
0 0.618093 0 0.0346696 0 0.00105293
0 0.812568 0.088 0.0325027 0.0533333 0.00106212
0 0.739978 0.114 0.0400867 0.105333 0.00106419
0 0.785482 0.184 0.0433369 0.088 0.00115419
0 0.67416 0 0.0449621 0 0.00115473
0 0.631365 0 0.0352113 0 0.00116688
0 0.64545 0 0.039545 0 0.0011734
0 0.768418 0.868667 0.109967 0.156 0.00126015
0 0.692579 0.393333 0.0287107 0.072 0.00127803
0 0.729957 0.144 0.0297941 0.088 0.00135591
0 0.591549 0.138667 0.0227519 0.0986667 0.00160588
0 0.742145 0.326 0.028169 0.0653333 0.00167376
0 0.325027 0.970667 0.126761 0.0586667 0.00178679
0 0.581528 0.162 0.0373781 0.0653333 0.00188357
0 0.592633 0.17 0.0151679 0.0573333 0.00192633
0 0.22779 0.316 0.0514626 0.0693333 0.00206481
0 0.518689 0.088 0.0492958 0.0533333 0.00229075
0 0.320152 0.960667 0.0585049 0.0706667 0.00246938
0 0.771668 0.228 0.0417118 0.0746667 0.00392632
0 0.768147 0.202667 0.0487541 0.101333 0.00419154
0 0.745125 0.310667 0.0232936 0.048 0.00478961
0 0.710455 0.370667 0.039545 0.088 0.00482772
0 0.241874 0.298667 0.0612134 0.104 0.00850651
0 0.562297 0.172 0.0660888 0.08 0.00948669
0 0.709913 0.406667 0.039545 0.0853333 0.0114821
0 0.297942 0.962667 0.0671723 0.072 0.0143714
0 0.697725 0.420667 0.028169 0.0946667 0.0149955
0 0.698267 0.387333 0.0184182 0.0546667 0.0203696
0 0.701517 0.398 0.0314193 0.0653333 0.0451131
0 0.638137 0.794667 0.063922 0.0586667 0.845271
0 0.326381 0.789333 0.0557963 0.064 0.859976
0 0.618906 0.300667 0.0276273 0.142667 0.866352
0 0.361593 0.379333 0.0655471 0.124 0.899638
