0 0.341278 0.08 0.0693391 0.133333 0.000100284
0 0.799296 0.226 0.233478 0.42 0.000103156
0 0.768418 0.006 0.0547129 0.012 0.000105575
0 0.983207 0.05 0.0335861 0.1 0.000106247
0 0.946912 0.783333 0.106176 0.369333 0.000107452
0 0.437974 0.0653333 0.031961 0.101333 0.00010929
0 0.989437 0.342 0.0211268 0.129333 0.000114525
0 0.402492 0.00666667 0.035753 0.0133333 0.000114818
0 0.719664 0.801333 0.0178765 0.0666667 0.000115184
0 0.481311 0 0.052546 0 0.000117497
0 0.744854 0.146 0.0747562 0.129333 0.000117992
0 0.43662 0.006 0.0411701 0.012 0.000118689
0 0.990791 0 0.0184182 0 0.00012108
0 0.418743 0.00466667 0.0400867 0.00933333 0.0001218
0 0.992416 0.921333 0.0151679 0.146667 0.000122755
0 0.988082 0.870667 0.0238353 0.152 0.000123364
0 0.783857 0.044 0.0964247 0.0853333 0.000127362
0 0.976977 0.184667 0.0460455 0.185333 0.000127812
0 0.564193 0.703333 0.0124594 0.02 0.000127958
0 0.809047 0.180667 0.0167931 0.028 0.000128042
0 0.277898 0.312667 0.0411701 0.166667 0.000128116
0 0.68987 0.000666667 0.0666305 0.00133333 0.000131886
0 0.390574 0 0.056338 0 0.000132583
0 0.954767 0 0.0872156 0 0.000133403
0 0.404388 0.576 0.0287107 0.114667 0.000134263
0 0.868364 0.199333 0.0975081 0.188 0.000136137
0 0.911159 0.404 0.0487541 0.08 0.000140391
0 0.273835 0.918 0.0232936 0.0413333 0.000141037
0 0.682286 0.497333 0.0406284 0.0773333 0.000142206
0 0.886241 0.902667 0.084507 0.184 0.000143254
0 0.238082 0.127333 0.0362947 0.0946667 0.000143259
0 0.857801 0.056 0.0503792 0.101333 0.000150321
0 0.285482 0.416667 0.0530878 0.0866667 0.000150875
0 0.463976 0.00133333 0.0449621 0.00266667 0.000152052
0 0.777086 0.0293333 0.0492958 0.0586667 0.000153959
0 0.276273 0.392 0.0411701 0.112 0.000154035
0 0.278711 0.00466667 0.0655471 0.00933333 0.000156296
0 0.887324 0.951333 0.0606717 0.0946667 0.000158755
0 0.585861 0 0.0796316 0 0.000158895
0 0.828548 0.551333 0.039545 0.0946667 0.000159606
0 0.959913 0.272667 0.0617551 0.0893333 0.000161456
0 0.874865 0.269333 0.0964247 0.192 0.000162604
0 0.90493 0.444667 0.052546 0.0866667 0.000163517
0 0.994312 0.13 0.0113759 0.14 0.000165034
0 0.442037 0.0373333 0.0335861 0.072 0.000165627
0 0.241603 0 0.0650054 0 0.000166717
0 0.919827 0.866667 0.105092 0.194667 0.000167998
0 0.442037 0.794 0.0216685 0.0813333 0.000170592
0 0.986999 0.994667 0.0249187 0.0106667 0.000173005
0 0.791712 0.676667 0.0785482 0.164 0.000176689
0 0.834236 0.186667 0.0498375 0.08 0.000178216
0 0.93364 0.0606667 0.121885 0.121333 0.000179644
0 0.954225 0.236 0.0774648 0.112 0.000180393
0 0.198267 0.805333 0.0390032 0.0586667 0.000184761
0 0.646804 0.77 0.0411701 0.0813333 0.000186029
0 0.718852 0.934 0.0823402 0.129333 0.000186768
0 0.991603 0.464 0.0167931 0.0986667 0.000187117
0 0.738624 0.068 0.0709642 0.104 0.000187795
0 0.239707 0.062 0.0287107 0.0653333 0.000188528
0 0.764897 0.002 0.0790899 0.004 0.000191412
0 0.920098 0 0.130553 0 0.000193126
0 0.91441 0.321333 0.0422535 0.0693333 0.000197039
0 0.723185 0 0.0650054 0 0.000202565
0 0.297129 0.148 0.0752979 0.16 0.000203174
0 0.854009 0.492667 0.0633803 0.134667 0.00020345
0 0.361863 0.058 0.0606717 0.116 0.000206683
0 0.728061 0.609333 0.0801734 0.096 0.000208473
0 0.407096 0 0.0471289 0 0.000209523
0 0.252167 0.00266667 0.0514626 0.00533333 0.000210433
0 0.951517 0.914 0.0937161 0.166667 0.000211261
0 0.120802 0.229333 0.0509209 0.072 0.000211292
0 0.987541 0.414667 0.0249187 0.133333 0.000212972
0 0.784128 0.635333 0.0709642 0.124 0.000214156
0 0.98727 0.46 0.0254605 0.144 0.000219857
0 0.263814 0.516667 0.0866739 0.177333 0.000220104
0 0.86403 0.628 0.0823402 0.16 0.000220202
0 0.330173 0 0.0579632 0 0.000227173
0 0.836945 0 0.0834236 0 0.000230754
0 0.350217 0 0.0579632 0 0.000230936
0 0.689057 0.784667 0.0303359 0.0573333 0.000232741
0 0.812297 0.163333 0.024377 0.0546667 0.000233159
0 0.301733 0.113333 0.152763 0.197333 0.000234423
0 0.796587 0.002 0.0731311 0.004 0.000235898
0 0.43662 0 0.0411701 0 0.000238311
0 0.957205 0.147333 0.0855905 0.241333 0.000241128
0 0.991062 0.0886667 0.0178765 0.166667 0.000241236
0 0.980769 0.619333 0.0384615 0.177333 0.000242842
0 0.441224 0.772 0.0178765 0.0373333 0.000249788
0 0.713434 0.785333 0.0292524 0.056 0.000252952
0 0.501083 0.746667 0.0151679 0.0373333 0.000253037
0 0.422264 0 0.0417118 0 0.00025572
0 0.773564 0.0746667 0.0953413 0.130667 0.00025594
0 0.861593 0.535333 0.0655471 0.108 0.000255982
0 0.813109 0.168 0.0379198 0.0746667 0.000256163
0 0.665222 0.0386667 0.0444204 0.072 0.000260057
0 0.83857 0.338667 0.216685 0.610667 0.000261223
0 0.994041 0.809333 0.0119177 0.136 0.000266095
0 0.740791 0.585333 0.0644637 0.104 0.000266844
0 0.863759 0.098 0.0557963 0.092 0.000268444
0 0.871614 0.000666667 0.084507 0.00133333 0.000274141
0 0.992687 0.55 0.0146262 0.134667 0.000279114
0 0.985915 0.506667 0.028169 0.154667 0.000280072
0 0.994312 0.192 0.0113759 0.154667 0.000280253
0 0.99052 0.586667 0.0189599 0.144 0.000291297
0 0.969122 0.292667 0.0444204 0.0733333 0.000292695
0 0.3039 0 0.0541712 0 0.00029283
0 0.307963 0.213333 0.06013 0.0826667 0.000294128
0 0.244041 0.0886667 0.0341278 0.0786667 0.00029984
0 0.99377 0.854 0.0124594 0.129333 0.00030055
0 0.259751 0.478667 0.0644637 0.128 0.000302533
0 0.251625 0.102667 0.0438787 0.117333 0.000305494
0 0.84182 0.610667 0.0476706 0.112 0.000306494
0 0.989707 0.419333 0.020585 0.0786667 0.000309853
0 0.70585 0.788667 0.0400867 0.076 0.000314771
0 0.310401 0.034 0.0238353 0.0653333 0.000316567
0 0.804171 0.183333 0.0406284 0.0866667 0.000325989
0 0.546858 0.208 0.00812568 0.024 0.000328656
0 0.208288 0.802 0.0200433 0.0573333 0.000332818
0 0.991874 0.675333 0.0162514 0.188 0.000344485
0 0.98429 0.751333 0.0314193 0.201333 0.000350689
0 0.836132 0.578667 0.0460455 0.114667 0.000357053
0 0.271668 0.445333 0.0536295 0.125333 0.000357135
0 0.80688 0.0293333 0.0568797 0.056 0.000365569
0 0.911701 0.492 0.0346696 0.048 0.000368203
0 0.37026 0.118 0.0297941 0.0733333 0.000379939
0 0.986999 0.310667 0.0249187 0.088 0.000383815
0 0.327465 0.226 0.0254605 0.0973333 0.000391875
0 0.96506 0.742 0.0698808 0.206667 0.000416085
0 0.802817 0.614667 0.100758 0.128 0.000418289
0 0.326923 0.201333 0.0232936 0.056 0.000432517
0 0.992687 0.732667 0.0146262 0.169333 0.000433388
0 0.808234 0.0593333 0.063922 0.113333 0.000437234
0 0.989166 0.169333 0.0216685 0.165333 0.000453003
0 0.882719 0.540667 0.113218 0.153333 0.000454027
0 0.988082 0.269333 0.0238353 0.109333 0.000457968
0 0.872698 0.0693333 0.0769231 0.136 0.00046148
0 0.983478 0.678 0.031961 0.169333 0.000462987
0 0.993499 0.494667 0.0130011 0.112 0.000475137
0 0.667118 0.803333 0.0666305 0.0893333 0.000477423
0 0.846425 0.516667 0.0460455 0.0813333 0.000481212
0 0.986186 0.122 0.0276273 0.209333 0.00049275
0 0.258126 0.0246667 0.031961 0.044 0.000508008
0 0.836674 0.524 0.0308776 0.0586667 0.000512895
0 0.963434 0.654667 0.0709642 0.218667 0.000528772
0 0.964518 0.557333 0.06013 0.112 0.000538143
0 0.847779 0.697333 0.0498375 0.253333 0.000542368
0 0.994041 0.433333 0.0119177 0.0853333 0.000558238
0 0.725352 0.965333 0.0747562 0.064 0.000560161
0 0.801192 0.222 0.0574215 0.121333 0.000569706
0 0.916847 0.526 0.0612134 0.092 0.00058019
0 0.957476 0.334667 0.0341278 0.0693333 0.000583985
0 0.842362 0.208 0.102925 0.258667 0.000588596
0 0.785482 0.576 0.0671723 0.114667 0.000638208
0 0.311755 0.0246667 0.0157096 0.0466667 0.00064878
0 0.823673 0.202667 0.06013 0.104 0.000671246
0 0.990249 0.225333 0.0195016 0.138667 0.000719189
0 0.952871 0.58 0.084507 0.176 0.000721893
0 0.91468 0.736667 0.161972 0.497333 0.000742286
0 0.838299 0.534 0.0449621 0.0866667 0.000749946
0 0.885157 0.128667 0.167931 0.246667 0.000751737
0 0.83559 0.538667 0.0265439 0.048 0.000766964
0 0.437974 0.468 0.0362947 0.168 0.000777024
0 0.261647 0 0.0530878 0 0.000779353
0 0.743499 0.616 0.0427952 0.0773333 0.000795853
0 0.393012 0.490667 0.0406284 0.184 0.000821029
0 0.786024 0.142 0.0834236 0.124 0.000843863
0 0.847779 0.11 0.114843 0.188 0.000873647
0 0.273294 0.0533333 0.0514626 0.0986667 0.00090247
0 0.992145 0.375333 0.0157096 0.129333 0.00101817
0 0.76896 0.564 0.0568797 0.125333 0.00105205
0 0.828007 0.234 0.0731311 0.145333 0.00107894
0 0.994041 0.403333 0.0119177 0.0786667 0.00109407
0 0.994854 0.398667 0.0102925 0.146667 0.00115048
0 0.87026 0.124667 0.0742145 0.116 0.00117255
0 0.810672 0.148667 0.0590466 0.105333 0.001266
0 0.831798 0.138 0.0817985 0.134667 0.00133576
0 0.258938 0.14 0.056338 0.0906667 0.00143319
0 0.259751 0.0453333 0.0427952 0.0853333 0.0015959
0 0.691495 0.653333 0.0222102 0.056 0.00163847
0 0.927952 0.549333 0.100758 0.138667 0.00177817
0 0.993499 0.284 0.0130011 0.117333 0.001811
0 0.732665 0.65 0.0579632 0.068 0.0019833
0 0.994312 0.348667 0.0113759 0.124 0.00210357
0 0.259209 0.0666667 0.0622969 0.114667 0.00234161
0 0.630011 0.669333 0.0108342 0.0213333 0.0035315
0 0.98104 0.563333 0.0379198 0.105333 0.00411039
0 0.69312 0.679333 0.0254605 0.108 0.00722594
0 0.758667 0.586667 0.039545 0.0906667 0.00724549
0 0.877031 0.254 0.166847 0.252 0.00761874
0 0.692849 0.642 0.0162514 0.036 0.00886945
0 0.268147 0.103333 0.071506 0.129333 0.00892243
0 0.759751 0.620667 0.0167931 0.052 0.0093888
0 0.807963 0.212 0.0373781 0.088 0.0101969
0 0.906555 0.0813333 0.144637 0.16 0.0125691
0 0.911159 0.583333 0.150596 0.188 0.0136435
0 0.687161 0.659333 0.0276273 0.0813333 0.0362863
0 0.716143 0.674667 0.0780065 0.104 0.0505446
0 0.917118 0.922 0.105092 0.148 0.116493
0 0.767877 0.612 0.031961 0.0666667 0.125715
0 0.779523 0.61 0.056338 0.0786667 0.219171
0 0.334507 0.972 0.0341278 0.056 0.437739
0 0.363218 0.0773333 0.0406284 0.141333 0.778222
0 0.932286 0.346667 0.0801734 0.0933333 0.861027
0 0.648158 0.814 0.0384615 0.0813333 0.866903
0 0.450163 0.192 0.035753 0.162667 0.882186
0 0.576381 0.519333 0.0628386 0.0946667 0.913411
0 0.593174 0.05 0.0725894 0.0973333 0.918443
