0 0.825569 0.02 0.0400867 0.04 0.0001119
0 0.995937 0.511333 0.00812568 0.108 0.000118939
0 0.820423 0.0486667 0.0417118 0.0893333 0.000122631
0 0.969122 0.0466667 0.0292524 0.056 0.000147413
0 0.717226 0.998667 0.0379198 0.00266667 0.000152281
0 0.823402 0.282667 0.0173348 0.032 0.000153046
0 0.823402 0.014 0.0433369 0.028 0.000171695
0 0.826923 0.304667 0.0276273 0.0733333 0.000174207
0 0.0295233 0.5 0.0590466 1 0.000177668
0 0.66143 0.884 0.0108342 0.0426667 0.000183815
0 0.993499 0.609333 0.0130011 0.186667 0.000187747
0 0.967497 0.976667 0.0173348 0.0413333 0.000190818
0 0.991333 0.453333 0.0119177 0.0373333 0.000195248
0 0.994041 0.729333 0.0119177 0.112 0.000218666
0 0.995666 0.0193333 0.00866739 0.0386667 0.000224803
0 0.962893 0.369333 0.0200433 0.0293333 0.000248265
0 0.993499 0.0833333 0.0119177 0.150667 0.000256199
0 0.952058 0.363333 0.0135428 0.0306667 0.000260089
0 0.995395 0.441333 0.0092091 0.0586667 0.000314824
0 0.00704225 0.785333 0.0140845 0.429333 0.000347536
0 0.986186 0.844667 0.0222102 0.0386667 0.000360561
0 0.992687 0.694 0.0146262 0.0413333 0.00040148
0 0.701788 0.804667 0.0406284 0.110667 0.000427235
0 0.746479 0.980667 0.035753 0.036 0.000476326
0 0.992145 0.555333 0.0102925 0.0866667 0.00072443
0 0.0111051 0.693333 0.0222102 0.613333 0.00080508
0 0.995937 0.337333 0.00812568 0.141333 0.00108316
0 0.0151679 0.508667 0.0303359 0.982667 0.00114445
0 0.718852 0.952667 0.0888407 0.0946667 0.00116362
0 0.687703 0.256667 0.0211268 0.0386667 0.00123003
0 0.833153 0.0206667 0.0552546 0.0413333 0.00171251
0 0.99052 0.706 0.0124594 0.0813333 0.00218932
0 0.721018 0.975333 0.0855905 0.0493333 0.00845433
0 0.996479 0.372667 0.00704225 0.0813333 0.0102571
0 0.99675 0.0306667 0.00650054 0.0613333 0.0168755
0 0.805796 0.0233333 0.0536295 0.0466667 0.0212281
0 0.281419 0.794 0.0352113 0.1 0.0221176
0 0.995395 0.552667 0.0092091 0.084 0.063365
0 0.819881 0.0233333 0.0330444 0.0413333 0.764156
0 0.913326 0.931333 0.0390032 0.137333 0.897378
0 0.752979 0.192667 0.0736728 0.092 0.904675
0 0.966685 0.116 0.0373781 0.189333 0.910168
0 0.742416 0.83 0.0568797 0.150667 0.93196
