0 0.548483 0 0.0633803 0 0.000101699
0 0.401408 0.0586667 0.0498375 0.0826667 0.00010186
0 0.322319 0.194667 0.0444204 0.0773333 0.000102214
0 0.261918 0.216 0.06013 0.0986667 0.000104244
0 0.252438 0.79 0.0368364 0.068 0.000105534
0 0.407909 0.00466667 0.0400867 0.00933333 0.000106893
0 0.275731 0.215333 0.0346696 0.0546667 0.000107914
0 0.254875 0.291333 0.0828819 0.225333 0.000107946
0 0.588299 0.0893333 0.056338 0.149333 0.000112152
0 0.514897 0.0553333 0.0102925 0.0413333 0.000112903
0 0.56961 0 0.0514626 0 0.000114541
0 0.22454 0.42 0.0449621 0.109333 0.000116664
0 0.534128 0.762 0.00866739 0.0226667 0.000117365
0 0.22779 0.322 0.067714 0.249333 0.000118665
0 0.318527 0.0833333 0.0303359 0.0466667 0.000119095
0 0.214789 0.226667 0.031961 0.0613333 0.000119811
0 0.802275 0.368667 0.0184182 0.0626667 0.000121646
0 0.302546 0.300667 0.0330444 0.132 0.000124924
0 0.228061 0.262667 0.0379198 0.0986667 0.00012567
0 0.225081 0.735333 0.0644637 0.0706667 0.000125705
0 0.471289 0.125333 0.0325027 0.04 0.000126406
0 0.288732 0.328667 0.0660888 0.177333 0.000128725
0 0.453413 0.056 0.0433369 0.106667 0.000128819
0 0.244312 0.149333 0.035753 0.0693333 0.000129632
0 0.472644 0 0.0612134 0 0.000133559
0 0.729415 0.976667 0.0687974 0.0466667 0.000134287
0 0.252709 0.18 0.0460455 0.072 0.000136543
0 0.986457 0.098 0.0270856 0.174667 0.000140236
0 0.195829 0.098 0.0492958 0.068 0.000150838
0 0.465872 0.0153333 0.0368364 0.0306667 0.000154477
0 0.270043 0.202 0.130553 0.318667 0.000155335
0 0.239437 0.174 0.0292524 0.0573333 0.000159346
0 0.600217 0.106 0.0292524 0.118667 0.000173827
0 0.38597 0.0726667 0.0211268 0.0706667 0.000184488
0 0.576381 0.165333 0.035753 0.0666667 0.000184539
0 0.510563 0.0646667 0.0124594 0.0573333 0.000184595
0 0.265168 0.134667 0.0731311 0.122667 0.000185041
0 0.274919 0.297333 0.0839653 0.141333 0.000186811
0 0.225352 0.587333 0.0444204 0.0893333 0.000190821
0 0.264897 0.194 0.0368364 0.0546667 0.000193108
0 0.29415 0.985333 0.056338 0.0293333 0.000209893
0 0.228602 0.506 0.0552546 0.230667 0.000226483
0 0.55688 0.176 0.0260022 0.0826667 0.000230408
0 0.745666 0.978 0.0406284 0.0413333 0.000238248
0 0.249187 0.281333 0.0606717 0.144 0.000250937
0 0.235645 0.754 0.0400867 0.0626667 0.000253953
0 0.425244 0 0.0465872 0 0.000257208
0 0.648971 0.566667 0.0368364 0.141333 0.000280629
0 0.65195 0.144667 0.0167931 0.0546667 0.000284063
0 0.254063 0.111333 0.0509209 0.0946667 0.000307784
0 0.267876 0.088 0.0731311 0.109333 0.000311852
0 0.33234 0.408667 0.0157096 0.0866667 0.000341634
0 0.246208 0.444667 0.06013 0.238667 0.000342424
0 0.388407 0.044 0.0238353 0.064 0.000378133
0 0.238895 0.744 0.0455038 0.12 0.000400096
0 0.443933 0 0.0460455 0 0.00043144
0 0.240249 0.504 0.0406284 0.122667 0.000459064
0 0.271939 0.0413333 0.0574215 0.0773333 0.000472628
0 0.235645 0.539333 0.0455038 0.150667 0.000476482
0 0.332069 0.0853333 0.0238353 0.0426667 0.000479931
0 0.265981 0.346 0.0444204 0.076 0.00048136
0 0.23429 0.102667 0.0417118 0.0826667 0.000503488
0 0.453954 0.024 0.035753 0.0453333 0.000534299
0 0.258938 0.078 0.0465872 0.068 0.000536952
0 0.593174 0.132667 0.0541712 0.0893333 0.00061465
0 0.232124 0.460667 0.039545 0.134667 0.000652555
0 0.245666 0.406667 0.0373781 0.106667 0.000673205
0 0.242687 0.124667 0.0314193 0.0706667 0.000681477
0 0.257313 0.372 0.0574215 0.133333 0.000894794
0 0.711538 0.979333 0.0254605 0.0413333 0.000931845
0 0.23402 0.693333 0.0390032 0.168 0.00095846
0 0.238353 0.596667 0.0476706 0.110667 0.00097494
0 0.238895 0.336667 0.0325027 0.102667 0.000975444
0 0.457205 0.0153333 0.035753 0.0306667 0.000976957
0 0.394637 0.0606667 0.0341278 0.0546667 0.00104676
0 0.511376 0.0566667 0.00758397 0.044 0.00105783
0 0.260022 0.794 0.0574215 0.0893333 0.00123069
0 0.248104 0.0846667 0.0314193 0.0706667 0.00132976
0 0.232936 0.424 0.0325027 0.0693333 0.0014216
0 0.242687 0.672 0.0487541 0.261333 0.0015851
0 0.274106 0.873333 0.0725894 0.242667 0.00162116
0 0.563651 0.149333 0.00704225 0.0373333 0.00163951
0 0.253521 0.328667 0.0606717 0.0786667 0.00216161
0 0.453954 0.0133333 0.035753 0.0266667 0.00237431
0 0.234561 0.375333 0.0411701 0.172 0.00272451
0 0.242687 0.793333 0.0585049 0.0986667 0.00366586
0 0.387053 0.056 0.0200433 0.0373333 0.0146962
0 0.458559 0.0173333 0.0265439 0.0266667 0.0148746
0 0.586132 0.148 0.0509209 0.0506667 0.0236523
0 0.394095 0.958667 0.0633803 0.0746667 0.889416
0 0.653034 0.727333 0.0308776 0.145333 0.897758
0 0.78494 0.544667 0.0400867 0.188 0.902479
0 0.476977 0.636667 0.0503792 0.158667 0.928055
