0 0.0100217 0.768 0.0200433 0.458667 0.000101017
0 0.486999 0.0326667 0.100758 0.0653333 0.000106754
0 0.300921 0.928 0.0189599 0.0533333 0.000106767
0 0.529523 0.234667 0.0124594 0.0346667 0.00010962
0 0.305525 0.171333 0.111593 0.172 0.000110673
0 0.222914 0.531333 0.0460455 0.0573333 0.000110868
0 0.372156 0.165333 0.0411701 0.0773333 0.000111056
0 0.443933 0.256 0.103467 0.266667 0.00012202
0 0.447725 0.358 0.0384615 0.126667 0.000122739
0 0.32286 0.387333 0.0216685 0.0466667 0.000123947
0 0.659534 0.331333 0.0135428 0.0333333 0.000125996
0 0.324215 0.366667 0.0893824 0.202667 0.000133968
0 0.311484 0.512 0.0606717 0.144 0.000149189
0 0.71831 0.814667 0.0130011 0.0426667 0.000153579
0 0.386782 0.214 0.0465872 0.076 0.000179462
0 0.808505 0.530667 0.0352113 0.157333 0.000180749
0 0.308234 0.417333 0.0585049 0.146667 0.000185041
0 0.252167 0.836667 0.0514626 0.164 0.000186792
0 0.24052 0.590667 0.0877573 0.2 0.000193541
0 0.470206 0.074 0.0953413 0.148 0.000197489
0 0.280065 0.411333 0.0801734 0.132 0.000202379
0 0.255417 0.445333 0.0828819 0.144 0.000220622
0 0.725081 0.979333 0.0568797 0.0386667 0.000231048
0 0.574485 0.328 0.0092091 0.0293333 0.000249521
0 0.262459 0.883333 0.0449621 0.145333 0.000253529
0 0.302004 0.334 0.039545 0.092 0.000257712
0 0.225623 0.694 0.0330444 0.068 0.000275109
0 0.628386 0.788 0.0119177 0.0426667 0.000286027
0 0.255417 0.750667 0.0557963 0.133333 0.000313832
0 0.27519 0.872667 0.0617551 0.188 0.000322585
0 0.368093 0.220667 0.0308776 0.0466667 0.000329059
0 0.286836 0.621333 0.0417118 0.112 0.00034607
0 0.237811 0.462667 0.0400867 0.0533333 0.000357794
0 0.365114 0.208 0.0292524 0.048 0.000374105
0 0.235915 0.764667 0.0341278 0.068 0.000375713
0 0.26273 0.577333 0.0790899 0.152 0.000405774
0 0.361051 0.449333 0.330986 0.898667 0.000406622
0 0.404659 0.181333 0.0704225 0.109333 0.000416585
0 0.341278 0.538 0.0227519 0.092 0.000452757
0 0.292795 0.387333 0.06013 0.0973333 0.000466965
0 0.242416 0.742667 0.0417118 0.112 0.000488569
0 0.47481 0.143333 0.0763814 0.108 0.000493215
0 0.528711 0.232 0.00758397 0.0266667 0.000526599
0 0.230228 0.695333 0.0736728 0.132 0.000532176
0 0.451246 0.0973333 0.0942579 0.170667 0.000533351
0 0.280878 0.913333 0.0471289 0.12 0.000704962
0 0.23727 0.491333 0.0400867 0.0893333 0.000716216
0 0.281419 0.402 0.039545 0.06 0.000754579
0 0.464518 0.176667 0.0492958 0.126667 0.000811206
0 0.463434 0.113333 0.0503792 0.109333 0.000918465
0 0.247021 0.530667 0.0476706 0.0666667 0.00118059
0 0.747021 0.981333 0.0368364 0.0373333 0.00120545
0 0.432286 0.185333 0.110509 0.16 0.00148751
0 0.317714 0.308667 0.0666305 0.142667 0.00159098
0 0.27519 0.486667 0.114843 0.290667 0.00159553
0 0.236728 0.653333 0.0736728 0.130667 0.00160126
0 0.412514 0.152 0.0742145 0.106667 0.00162104
0 0.254063 0.619333 0.0487541 0.1 0.00168536
0 0.410618 0.144 0.035753 0.0666667 0.00177962
0 0.419014 0.128 0.024377 0.0426667 0.00194909
0 0.380011 0.186667 0.0254605 0.056 0.00203097
0 0.387866 0.182 0.035753 0.0706667 0.00208335
0 0.233749 0.726667 0.0352113 0.072 0.00209218
0 0.266793 0.595333 0.0969664 0.270667 0.00209816
0 0.321777 0.372 0.0249187 0.0373333 0.00209949
0 0.256501 0.622 0.0666305 0.174667 0.00216777
0 0.309317 0.366667 0.0487541 0.0613333 0.00223445
0 0.230769 0.748 0.0292524 0.056 0.00263745
0 0.251625 0.577333 0.052546 0.112 0.00379929
0 0.232936 0.525333 0.0249187 0.056 0.00396215
0 0.33559 0.294667 0.10455 0.189333 0.00423897
0 0.386241 0.245333 0.2026 0.304 0.0050969
0 0.241333 0.7 0.0482123 0.0853333 0.00576647
0 0.321777 0.249333 0.263272 0.498667 0.00651096
0 0.390033 0.162667 0.0314193 0.056 0.00813931
0 0.28467 0.946 0.0449621 0.0973333 0.00850008
0 0.221289 0.732 0.0330444 0.0453333 0.010162
0 0.394908 0.157333 0.0465872 0.088 0.0142303
0 0.295504 0.944667 0.0222102 0.0866667 0.0164375
0 0.446641 0.147333 0.0807151 0.0893333 0.0237472
0 0.472914 0.0866667 0.0541712 0.165333 0.0282012
0 0.248646 0.675333 0.056338 0.092 0.0364938
0 0.463705 0.145333 0.0487541 0.0666667 0.549039
0 0.646533 0.887333 0.0287107 0.14 0.898973
0 0.666576 0.092 0.0308776 0.184 0.905019
0 0.77844 0.739333 0.0400867 0.185333 0.906942
0 0.478873 0.774 0.0520043 0.150667 0.937851
