0 0.73104 0.638 0.0124594 0.02 0.00010806
0 0.395179 0.589333 0.0189599 0.056 0.000108244
0 0.329632 0.946 0.0492958 0.06 0.000108679
0 0.835049 0.378 0.0438787 0.102667 0.000110345
0 0.252438 0.225333 0.0650054 0.0773333 0.000112718
0 0.451246 0 0.0260022 0 0.000113663
0 0.236457 0.297333 0.052546 0.216 0.0001146
0 0.657096 0.0386667 0.0130011 0.04 0.000119879
0 0.871073 0.798 0.0823402 0.22 0.000122563
0 0.73104 0.986667 0.0752979 0.0266667 0.000127001
0 0.399783 0.44 0.0552546 0.424 0.00012747
0 0.903575 0.573333 0.035753 0.0426667 0.000133752
0 0.538462 0.787333 0.0108342 0.0253333 0.000133893
0 0.25948 0.73 0.0270856 0.0786667 0.00014285
0 0.162514 0.767333 0.0379198 0.0946667 0.000143576
0 0.235645 0.667333 0.0368364 0.0626667 0.000150175
0 0.375135 0.104667 0.024377 0.0653333 0.000171635
0 0.38597 0.719333 0.0232936 0.0733333 0.000172342
0 0.978873 0.712 0.035753 0.0933333 0.000172876
0 0.763001 0.393333 0.0124594 0.0186667 0.000176761
0 0.570152 0.796 0.0352113 0.0746667 0.000179805
0 0.193662 0.469333 0.031961 0.0746667 0.000180726
0 0.271939 0.254667 0.0270856 0.122667 0.000196137
0 0.784399 0.0253333 0.0216685 0.0293333 0.000198255
0 0.390845 0.591333 0.0232936 0.113333 0.000203908
0 0.625948 0.779333 0.0254605 0.052 0.000219647
0 0.709642 0.978 0.0314193 0.0386667 0.000221132
0 0.552004 0.0373333 0.0119177 0.0453333 0.000222555
0 0.43039 0.832667 0.0232936 0.0546667 0.000230232
0 0.415764 0.359333 0.0330444 0.236 0.000230815
0 0.733207 0.751333 0.0189599 0.028 0.000232973
0 0.568256 0.174 0.0108342 0.044 0.000242639
0 0.481311 0 0.039545 0 0.000250337
0 0.24675 0.776 0.0579632 0.261333 0.000253459
0 0.442037 0.800667 0.0119177 0.0306667 0.000257002
0 0.181203 0.662 0.0731311 0.241333 0.0002621
0 0.202329 0.6 0.0287107 0.0933333 0.000279746
0 0.144095 0.908 0.0292524 0.104 0.000305647
0 0.717226 0.0206667 0.0140845 0.0413333 0.000311007
0 0.673619 0.0306667 0.0232936 0.0533333 0.000323012
0 0.660888 0.0593333 0.0303359 0.0786667 0.000357471
0 0.534399 0.156 0.0092091 0.0266667 0.000400406
0 0.660618 0.044 0.0222102 0.0533333 0.000453578
0 0.549567 0.0453333 0.0135428 0.0666667 0.000456449
0 0.368093 0.0953333 0.0384615 0.0626667 0.000522886
0 0.349404 0.0853333 0.0736728 0.0826667 0.000570763
0 0.392199 0.704 0.0140845 0.0373333 0.000712233
0 0.148158 0.850667 0.0666305 0.264 0.000844908
0 0.533044 0.163333 0.00975081 0.036 0.00113068
0 0.452871 0.0126667 0.0195016 0.0253333 0.00293095
0 0.158451 0.814667 0.0417118 0.184 0.00300848
0 0.568797 0.161333 0.00975081 0.0373333 0.00351116
0 0.773564 0.163333 0.0216685 0.052 0.00516848
0 0.251354 0.834667 0.0422535 0.178667 0.0792992
0 0.343987 0.939333 0.0270856 0.0573333 0.294842
0 0.414139 0.583333 0.0287107 0.153333 0.860975
0 0.801463 0.635333 0.0568797 0.0573333 0.879677
0 0.473998 0.0633333 0.0260022 0.126667 0.88463
0 0.846966 0.352 0.0384615 0.0746667 0.885994
0 0.60753 0.89 0.0547129 0.0653333 0.888939
0 0.555796 0.656667 0.0465872 0.06 0.896121
0 0.789816 0.266 0.0325027 0.118667 0.902453
0 0.589112 0.322 0.0503792 0.102667 0.921753
