0 0.479686 0.406 0.0287107 0.0573333 0.000104643
0 0.397346 0 0.0937161 0 0.000105073
0 0.409805 0.403333 0.031961 0.068 0.000107935
0 0.317714 0.593333 0.0547129 0.165333 0.000109865
0 0.33857 0.352 0.0498375 0.106667 0.000111941
0 0.230228 0.728667 0.0606717 0.14 0.000112575
0 0.93364 0.95 0.0839653 0.0973333 0.00011382
0 0.250813 0.662 0.0823402 0.174667 0.000118092
0 0.290628 0.162667 0.0352113 0.0586667 0.000119609
0 0.337486 0.718 0.0476706 0.164 0.000119643
0 0.729686 0.142667 0.0119177 0.0213333 0.000122402
0 0.478061 0.560667 0.0276273 0.068 0.000123003
0 0.229957 0.475333 0.0568797 0.228 0.000124283
0 0.287649 0.381333 0.166847 0.496 0.000124848
0 0.286566 0.903333 0.0400867 0.076 0.000126081
0 0.484832 0.415333 0.0130011 0.0306667 0.000130359
0 0.424702 0.268 0.0400867 0.0586667 0.000135943
0 0.246208 0.143333 0.0373781 0.0653333 0.000140283
0 0.00731311 0.822 0.0146262 0.353333 0.000141662
0 0.428223 0.000666667 0.0807151 0.00133333 0.000146843
0 0.297942 0.198667 0.0541712 0.117333 0.000147258
0 0.482665 0.735333 0.0140845 0.0413333 0.000152233
0 0.339382 0.217333 0.0384615 0.072 0.000155532
0 0.322048 0.328 0.0308776 0.0453333 0.000156859
0 0.737812 0.807333 0.0552546 0.113333 0.000165949
0 0.762188 0.887333 0.105092 0.193333 0.000166196
0 0.482124 0.598 0.0227519 0.084 0.000168961
0 0.320152 0.294 0.146262 0.308 0.000172856
0 0.467768 0 0.067714 0 0.000175184
0 0.349946 0.192 0.0346696 0.072 0.000177194
0 0.0113759 0.21 0.0227519 0.417333 0.000177517
0 0.263272 0.761333 0.0595883 0.216 0.000187244
0 0.643012 0.828667 0.0314193 0.0626667 0.00019032
0 0.543066 0.106 0.0157096 0.052 0.00019133
0 0.265168 0.713333 0.0796316 0.122667 0.000191506
0 0.255688 0.15 0.0270856 0.052 0.000205243
0 0.895991 0.946 0.0834236 0.0946667 0.000207816
0 0.26273 0.144667 0.0422535 0.0733333 0.000216059
0 0.245666 0.656667 0.0492958 0.121333 0.000220307
0 0.461538 0.210667 0.0628386 0.109333 0.000222969
0 0.260834 0.194667 0.06013 0.149333 0.000237606
0 0.331798 0.559333 0.0644637 0.113333 0.000256016
0 0.342091 0.256667 0.0384615 0.0653333 0.000258961
0 0.23727 0.448667 0.0465872 0.142667 0.000260323
0 0.277086 0.186 0.0492958 0.110667 0.00028185
0 0.546045 0.106 0.0119177 0.036 0.000296758
0 0.609697 0.117333 0.0146262 0.0453333 0.000307056
0 0.326111 0.377333 0.0346696 0.0933333 0.000315125
0 0.0138137 0.596 0.0276273 0.808 0.000401523
0 0.0105634 0.742 0.0211268 0.516 0.000410991
0 0.304713 0.227333 0.0731311 0.150667 0.000453611
0 0.280065 0.231333 0.0411701 0.116 0.000537702
0 0.251354 0.324667 0.0303359 0.0946667 0.00056168
0 0.247291 0.299333 0.0341278 0.0973333 0.000575097
0 0.475352 0.924 0.0265439 0.101333 0.000663147
0 0.475623 0.495333 0.035753 0.190667 0.000841942
0 0.459101 0.26 0.0590466 0.0613333 0.000848939
0 0.483207 0.577333 0.0195016 0.0426667 0.000879311
0 0.292524 0.241333 0.132178 0.216 0.000915963
0 0.4461 0.272 0.0557963 0.064 0.00121678
0 0.70585 0.774667 0.0400867 0.0613333 0.00130954
0 0.466956 0.238667 0.0530878 0.072 0.00161151
0 0.472644 0.576667 0.039545 0.0466667 0.00176856
0 0.287378 0.966 0.0438787 0.0653333 0.00212946
0 0.235103 0.688 0.0487541 0.157333 0.00216046
0 0.480769 0.902667 0.0146262 0.0746667 0.00257541
0 0.728873 0.814 0.0341278 0.0813333 0.00267606
0 0.320964 0.35 0.0276273 0.092 0.00304849
0 0.265168 0.831333 0.0817985 0.337333 0.00310246
0 0.754334 0.848 0.0796316 0.106667 0.00338784
0 0.46831 0.921333 0.0384615 0.136 0.00510003
0 0.913055 0.928667 0.0427952 0.0653333 0.0051745
0 0.243499 0.713333 0.0352113 0.112 0.00524399
0 0.328007 0.659333 0.0698808 0.292 0.00758803
0 0.472914 0.896667 0.0270856 0.092 0.00984535
0 0.747833 0.829333 0.0622969 0.0666667 0.0179359
0 0.247291 0.737333 0.0471289 0.170667 0.0510885
0 0.420639 0.799333 0.0330444 0.172 0.825631
0 0.56013 0.634667 0.0270856 0.168 0.868303
