0 0.231582 0.464 0.0427952 0.106667 0.000101541
0 0.667118 0.96 0.0124594 0.0693333 0.000102093
0 0.972373 0.472 0.0552546 0.261333 0.000110908
0 0.901679 0.272667 0.124052 0.409333 0.000110944
0 0.968852 0 0.0612134 0 0.000112024
0 0.97454 0.0646667 0.0509209 0.129333 0.000115264
0 0.216685 0.318 0.0346696 0.177333 0.000123675
0 0.991603 0.074 0.0167931 0.148 0.000125477
0 0.956121 0.0653333 0.0498375 0.117333 0.000127647
0 0.864843 0.0846667 0.088299 0.108 0.000128018
0 0.00731311 0.201333 0.0146262 0.402667 0.000130631
0 0.730228 0.972667 0.0769231 0.052 0.000132989
0 0.0400867 0.223333 0.0509209 0.148 0.000135076
0 0.309859 0.871333 0.169014 0.257333 0.000137386
0 0.247291 0.795333 0.0492958 0.105333 0.000144557
0 0.24675 0.677333 0.0817985 0.306667 0.000151306
0 0.990249 0 0.0195016 0 0.000156474
0 0.0604009 0.302 0.0211268 0.076 0.000162994
0 0.88597 0.141333 0.13922 0.248 0.000166562
0 0.56013 0.599333 0.0151679 0.028 0.000168175
0 0.24377 0.545333 0.0769231 0.274667 0.00016983
0 0.460726 0.0506667 0.0287107 0.0853333 0.000177804
0 0.6552 0.834 0.0254605 0.129333 0.00018519
0 0.0674431 0.00333333 0.134886 0.00666667 0.00019245
0 0.991603 0.713333 0.0167931 0.341333 0.000199429
0 0.937974 0 0.121885 0 0.000221453
0 0.0419827 0.291333 0.0622969 0.252 0.00023733
0 0.0520043 0.340667 0.0411701 0.190667 0.000245426
0 0.618364 0.965333 0.0341278 0.056 0.000277545
0 0.743499 0.980667 0.0492958 0.0386667 0.000279243
0 0.965601 0.098 0.0687974 0.190667 0.000295141
0 0.70585 0.930667 0.0552546 0.133333 0.000295593
0 0.210997 0.280667 0.0211268 0.0786667 0.000301573
0 0.985103 0.127333 0.0297941 0.230667 0.000326042
0 0.260293 0.814667 0.0612134 0.144 0.000338456
0 0.270585 0.870667 0.0807151 0.256 0.000342002
0 0.00839653 0.822667 0.0167931 0.349333 0.000387721
0 0.239437 0.358667 0.0769231 0.354667 0.000439468
0 0.651138 0.857333 0.0162514 0.0693333 0.000477337
0 0.644095 0.850667 0.0335861 0.0853333 0.000480716
0 0.119447 0.290667 0.0287107 0.0346667 0.000535801
0 0.710726 0.979333 0.0400867 0.0413333 0.000768584
0 0.0189599 0.503333 0.0379198 0.993333 0.00079612
0 0.228332 0.266 0.0514626 0.092 0.00081101
0 0.25325 0.202 0.0991333 0.246667 0.000876008
0 0.24052 0.239333 0.0725894 0.164 0.000885449
0 0.404388 0.418667 0.0189599 0.0453333 0.000958755
0 0.0113759 0.726 0.0227519 0.545333 0.000993787
0 0.718852 0.974 0.0227519 0.0466667 0.00120291
0 0.891658 0.068 0.112676 0.130667 0.00197368
0 0.263814 0.259333 0.124594 0.201333 0.00207351
0 0.322319 0.305333 0.23402 0.296 0.0151941
0 0.631907 0.31 0.0796316 0.382667 0.916386
0 0.770043 0.563333 0.0828819 0.201333 0.923019
