0 0.791983 0.669333 0.0444204 0.0533333 0.000108615
0 0.880011 0.145333 0.209642 0.274667 0.000111578
0 0.828548 0.00333333 0.187974 0.00666667 0.000113494
0 0.936891 0.133333 0.126219 0.266667 0.000114458
0 0.062026 0 0.122969 0 0.000119572
0 0.254334 0.724 0.0612134 0.2 0.000120116
0 0.915222 0.15 0.132719 0.166667 0.000125278
0 0.0067714 0.404667 0.0135428 0.473333 0.000128459
0 0.255688 0.166 0.0520043 0.105333 0.00013175
0 0.510022 0.0946667 0.197725 0.189333 0.000132048
0 0.238624 0.510667 0.0482123 0.152 0.000134105
0 0.447725 0.0786667 0.169556 0.157333 0.000135921
0 0.691224 0.00266667 0.162514 0.00533333 0.000136571
0 0.593174 0.148 0.141928 0.216 0.000138039
0 0.245937 0.458667 0.0368364 0.08 0.000150145
0 0.00595883 0.103333 0.0119177 0.206667 0.000150448
0 0.718039 0.112 0.155471 0.224 0.000157485
0 0.341278 0.738 0.0433369 0.110667 0.000157863
0 0.281148 0.505333 0.136511 0.205333 0.000160758
0 0.660888 0.166667 0.108342 0.168 0.000170723
0 0.241874 0.678 0.0612134 0.286667 0.000179034
0 0.287107 0.709333 0.128927 0.229333 0.000179062
0 0.595612 0.00266667 0.184724 0.00533333 0.000179129
0 0.234832 0.474 0.0427952 0.0866667 0.000182496
0 0.892199 0.086 0.165764 0.172 0.000184107
0 0.912784 0 0.174431 0 0.000187931
0 0.0400867 0.556667 0.0801734 0.886667 0.000195303
0 0.303088 0.109333 0.129469 0.218667 0.000196033
0 0.760834 0.00266667 0.150054 0.00533333 0.000212479
0 0.00947996 0.128 0.0189599 0.253333 0.000213888
0 0.78494 0.286 0.111593 0.22 0.0002171
0 0.400867 0.425333 0.128927 0.176 0.000237318
0 0.239166 0.241333 0.0872156 0.136 0.000237526
0 0.264085 0.210667 0.0622969 0.106667 0.000239204
0 0.0208559 0.873333 0.0417118 0.253333 0.000268187
0 0.0119177 0.318667 0.0238353 0.637333 0.000284699
0 0.805796 0.287333 0.06013 0.190667 0.000285098
0 0.313922 0.166667 0.206392 0.325333 0.000306468
0 0.00650054 0.211333 0.0130011 0.422667 0.000381962
0 0.33857 0.617333 0.113759 0.304 0.000386946
0 0.801192 0.344 0.0390032 0.0826667 0.000418805
0 0.028169 0.735333 0.056338 0.529333 0.000460443
0 0.255688 0.346 0.106176 0.521333 0.000548751
0 0.26273 0.0766667 0.0725894 0.142667 0.000617183
0 0.244854 0.274 0.0671723 0.308 0.000724098
0 0.235103 0.308 0.0476706 0.0933333 0.000725944
0 0.331528 0.284 0.249187 0.557333 0.000742912
0 0.295233 0.609333 0.16143 0.408 0.000795317
0 0.759751 0.85 0.103467 0.14 0.000832282
0 0.00866739 0.839333 0.0173348 0.321333 0.00086325
0 0.890845 0.178667 0.0644637 0.106667 0.00105708
0 0.286024 0.44 0.159263 0.728 0.0015805
0 0.239437 0.32 0.0574215 0.16 0.00188782
0 0.0154388 0.560667 0.0308776 0.878667 0.00233649
0 0.247562 0.188667 0.109426 0.284 0.00256101
0 0.268147 0.130667 0.0899242 0.245333 0.00326026
0 0.237811 0.390667 0.0606717 0.274667 0.0042412
0 0.0121885 0.732667 0.024377 0.529333 0.00509357
0 0.267335 0.212667 0.116468 0.412 0.0592243
0 0.263814 0.208 0.0758397 0.192 0.09826
0 0.322319 0.698667 0.0801734 0.181333 0.864291
0 0.421452 0.341333 0.156013 0.208 0.871679
