0 0.719664 0.997333 0.0427952 0.00533333 0.000106331
0 0.976977 0 0.0460455 0 0.000106519
0 0.972373 0.144 0.0552546 0.221333 0.000106828
0 0.987541 0.596 0.0249187 0.224 0.000108902
0 0.22454 0.627333 0.0763814 0.342667 0.000111512
0 0.91441 0.104667 0.0520043 0.116 0.000112056
0 0.967768 0.348667 0.0644637 0.273333 0.000113845
0 0.819881 0.268 0.0384615 0.0613333 0.000115993
0 0.530065 0.139333 0.0373781 0.118667 0.000116663
0 0.921993 0.004 0.141928 0.008 0.000117856
0 0.924431 0.088 0.0308776 0.0826667 0.000119759
0 0.986999 0.131333 0.0249187 0.212 0.00011976
0 0.724269 0.972667 0.0660888 0.0466667 0.000120102
0 0.6961 0.05 0.0433369 0.0893333 0.000121676
0 0.580715 0.443333 0.0173348 0.0386667 0.000123865
0 0.251625 0.752667 0.100217 0.188 0.000125292
0 0.0704225 0.24 0.0195016 0.0906667 0.000126291
0 0.991062 0.919333 0.0178765 0.158667 0.000127889
0 0.968852 0.848 0.0622969 0.301333 0.000129778
0 0.192308 0.812667 0.0487541 0.118667 0.000131192
0 0.722914 0.202 0.0492958 0.084 0.000142571
0 0.647075 0.890667 0.0417118 0.202667 0.000144089
0 0.277898 0.812 0.131094 0.277333 0.000154944
0 0.986728 0.749333 0.0265439 0.381333 0.000155023
0 0.0847779 0.00333333 0.169556 0.00666667 0.000155066
0 0.777898 0.790667 0.0173348 0.0426667 0.00015735
0 0.934995 0.602667 0.0530878 0.237333 0.00016887
0 0.17714 0.693333 0.0455038 0.064 0.000175946
0 0.990791 0.414667 0.0184182 0.173333 0.000178806
0 0.980228 0.909333 0.039545 0.176 0.000183753
0 0.6961 0.992 0.100758 0.016 0.0001867
0 0.160618 0.744 0.173889 0.128 0.000189553
0 0.991333 0 0.0173348 0 0.000191064
0 0.916576 0.171333 0.0606717 0.137333 0.000192212
0 0.927952 0.199333 0.105092 0.121333 0.000196448
0 0.993229 0.180667 0.0135428 0.212 0.000199081
0 0.185265 0.779333 0.131094 0.222667 0.000200837
0 0.133532 0.432667 0.239978 0.756 0.000214302
0 0.792795 0.471333 0.0471289 0.0626667 0.000214934
0 0.235374 0.788 0.0254605 0.0586667 0.000234695
0 0.987812 0.209333 0.024377 0.2 0.000236109
0 0.657638 0.105333 0.0953413 0.186667 0.000237209
0 0.0130011 0.777333 0.0260022 0.445333 0.000244296
0 0.89545 0.202 0.183099 0.313333 0.000249638
0 0.994041 0.078 0.0119177 0.145333 0.000257786
0 0.787649 0.821333 0.0390032 0.128 0.000260943
0 0.0143554 0.595333 0.0287107 0.809333 0.000262138
0 0.257313 0.674 0.107259 0.297333 0.000288837
0 0.983749 0.289333 0.0325027 0.234667 0.000295624
0 0.689328 0.134667 0.153304 0.253333 0.000297827
0 0.196371 0.85 0.0254605 0.0466667 0.000308886
0 0.671993 0.0586667 0.0926327 0.109333 0.000317459
0 0.987812 0.854667 0.024377 0.282667 0.000346799
0 0.608342 0.222667 0.0617551 0.128 0.000350258
0 0.647616 0.948 0.0417118 0.0933333 0.000362856
0 0.713434 0.984667 0.0509209 0.028 0.000373978
0 0.991603 0.292 0.0167931 0.194667 0.000407374
0 0.987812 0.346 0.024377 0.166667 0.000432963
0 0.133803 0.803333 0.0162514 0.0626667 0.000466424
0 0.231582 0.771333 0.0308776 0.0946667 0.000481793
0 0.893283 0.111333 0.0942579 0.142667 0.000587782
0 0.228602 0.758667 0.0444204 0.141333 0.000706983
0 0.845883 0.194 0.109967 0.209333 0.000741652
0 0.637053 0.948667 0.0227519 0.0866667 0.000745418
0 0.192849 0.700667 0.114843 0.206667 0.000928376
0 0.571235 0.185333 0.0807151 0.186667 0.00096983
0 0.711538 0.738667 0.031961 0.096 0.00152633
0 0.214518 0.789333 0.0693391 0.170667 0.00161033
0 0.228602 0.702667 0.0585049 0.237333 0.00167901
0 0.91766 0.149333 0.132178 0.208 0.00290047
0 0.722644 0.957333 0.0888407 0.0826667 0.00310182
0 0.213164 0.727333 0.0709642 0.150667 0.0772302
0 0.834778 0.767333 0.134345 0.334667 0.914947
0 0.553629 0.716667 0.092091 0.284 0.931256
