0 0.342362 0.22 0.0628386 0.117333 0.000101501
0 0.449892 0.658 0.115385 0.254667 0.000101691
0 0.464247 0.734667 0.149512 0.4 0.000102842
0 0.0116468 0.264667 0.0232936 0.529333 0.000106765
0 0.279794 0.871333 0.108884 0.257333 0.000108977
0 0.386241 0.110667 0.0195016 0.048 0.000109351
0 0.927681 0.000666667 0.144637 0.00133333 0.000110995
0 0.342633 0.577333 0.0373781 0.0506667 0.000112718
0 0.230498 0.544667 0.0503792 0.158667 0.000113905
0 0.593445 0.274667 0.0222102 0.0453333 0.000115341
0 0.0295233 0.772 0.0590466 0.456 0.000115436
0 0.247021 0.374667 0.0552546 0.12 0.000115545
0 0.663868 0.798 0.0330444 0.0813333 0.000116109
0 0.394908 0.0993333 0.035753 0.068 0.000118011
0 0.242416 0.250667 0.0904659 0.32 0.000120055
0 0.991333 0 0.0173348 0 0.000128801
0 0.98429 0.927333 0.0314193 0.145333 0.000128931
0 0.253521 0.000666667 0.128927 0.00133333 0.000131466
0 0.502709 0.280667 0.0314193 0.0653333 0.000139987
0 0.419285 0.286667 0.0574215 0.16 0.000140213
0 0.552546 0.17 0.0823402 0.1 0.000140568
0 0.297942 0.390667 0.0975081 0.165333 0.000141019
0 0.312297 0.242 0.22156 0.356 0.000146761
0 0.299025 0.0566667 0.0866739 0.108 0.000146876
0 0.723185 0.999333 0.0216685 0.00133333 0.000149736
0 0.956663 0.775333 0.0855905 0.449333 0.000150131
0 0.0173348 0.37 0.0346696 0.74 0.000152211
0 0.415764 0.254 0.0471289 0.092 0.000161072
0 0.22454 0.335333 0.0362947 0.0893333 0.000161858
0 0.572589 0.864667 0.0216685 0.084 0.000163751
0 0.438245 0 0.136511 0 0.000167445
0 0.240791 0.44 0.0536295 0.146667 0.000169985
0 0.565547 0.207333 0.127844 0.198667 0.000186039
0 0.722102 0.941333 0.0888407 0.114667 0.000186372
0 0.796316 0.305333 0.0465872 0.088 0.000188382
0 0.656284 0.816667 0.0232936 0.0813333 0.000189917
0 0.425785 0.0786667 0.111593 0.157333 0.000189985
0 0.00704225 0.196667 0.0140845 0.393333 0.000192567
0 0.939328 0.787333 0.12026 0.254667 0.00021665
0 0.993229 0.930667 0.0135428 0.138667 0.000255305
0 0.452058 0.246 0.102384 0.137333 0.000258121
0 0.223998 0.608667 0.0471289 0.105333 0.000303146
0 0.233749 0.584 0.0373781 0.048 0.000316602
0 0.656555 0.786 0.0227519 0.0813333 0.00031966
0 0.35428 0.189333 0.0866739 0.192 0.000357506
0 0.258397 0.0573333 0.0693391 0.0933333 0.0003745
0 0.253521 0.0786667 0.0455038 0.064 0.000399018
0 0.24675 0.391333 0.0796316 0.169333 0.000402591
0 0.195287 0.402667 0.115385 0.189333 0.000489843
0 0.276544 0.046 0.0579632 0.084 0.000523067
0 0.20883 0.641333 0.0189599 0.04 0.000585994
0 0.270043 0.357333 0.118635 0.221333 0.000612133
0 0.31636 0.327333 0.0606717 0.193333 0.000677284
0 0.00785482 0.822 0.0157096 0.353333 0.000688521
0 0.317172 0.378667 0.0579632 0.125333 0.000730859
0 0.42714 0.244 0.0417118 0.08 0.000801103
0 0.203955 0.479333 0.0893824 0.337333 0.000887936
0 0.0176056 0.633333 0.0352113 0.722667 0.000890936
0 0.513814 0.481333 0.0265439 0.0346667 0.00111792
0 0.0113759 0.737333 0.0227519 0.525333 0.00137847
0 0.986186 0.79 0.0276273 0.396 0.0013887
0 0.994583 0.972667 0.0108342 0.052 0.0016775
0 0.242416 0.301333 0.0612134 0.168 0.00169193
0 0.235915 0.347333 0.0492958 0.166667 0.00242112
0 0.988353 0.826 0.0232936 0.204 0.00320336
0 0.946912 0.878667 0.106176 0.24 0.00349244
0 0.215872 0.401333 0.0547129 0.173333 0.0056919
0 0.323944 0.365333 0.0379198 0.0826667 0.00767406
0 0.576381 0.257333 0.056338 0.0773333 0.00827499
0 0.969393 0.901333 0.0612134 0.197333 0.0108185
0 0.223998 0.458667 0.0536295 0.274667 0.014847
0 0.805525 0.300667 0.028169 0.068 0.0200158
0 0.219935 0.354 0.0520043 0.0973333 0.0200712
0 0.985103 0.913333 0.0297941 0.165333 0.228908
0 0.228873 0.396667 0.0438787 0.142667 0.333438
0 0.916035 0.28 0.099675 0.229333 0.913011
0 0.726977 0.371333 0.118093 0.390667 0.926574
