0 0.97156 0.349333 0.0568797 0.248 0.000101236
0 0.647887 0.0826667 0.0433369 0.0773333 0.000101448
0 0.674431 0.09 0.267606 0.18 0.000105659
0 0.989437 0 0.0211268 0 0.000110479
0 0.977519 0.538667 0.0449621 0.250667 0.000110994
0 0.710455 0.151333 0.112134 0.172 0.000115735
0 0.00514626 0.120667 0.0102925 0.236 0.000116294
0 0.837486 0.45 0.16468 0.214667 0.000116552
0 0.981311 0.00466667 0.0362947 0.00933333 0.000116661
0 0.900054 0.00533333 0.157638 0.0106667 0.00011746
0 0.426327 0.00133333 0.0801734 0.00266667 0.000120831
0 0.969664 0.725333 0.0606717 0.157333 0.000121042
0 0.973998 0.270667 0.0520043 0.250667 0.000121685
0 0.880282 0.48 0.145179 0.261333 0.000128114
0 0.505417 0.0553333 0.0422535 0.0866667 0.000134983
0 0.954225 0.002 0.0915493 0.004 0.000144941
0 0.985915 0.332 0.028169 0.266667 0.000146185
0 0.690683 0.0573333 0.0541712 0.0933333 0.000151245
0 0.516522 0.0593333 0.0222102 0.0733333 0.000151434
0 0.960726 0.072 0.0785482 0.144 0.000153262
0 0.605634 0.134667 0.035753 0.0933333 0.000153901
0 0.985915 0.802667 0.028169 0.232 0.000155185
0 0.991062 0.614 0.0178765 0.217333 0.000157107
0 0.554713 0.112667 0.0650054 0.150667 0.000158321
0 0.91143 0.127333 0.171723 0.241333 0.000159246
0 0.394366 0.002 0.0866739 0.004 0.000159331
0 0.846966 0.566 0.173889 0.188 0.000163055
0 0.985915 0.497333 0.028169 0.256 0.000170311
0 0.423348 0.207333 0.0698808 0.105333 0.000172569
0 0.671452 0.310667 0.165222 0.192 0.000172878
0 0.0092091 0.138 0.0184182 0.270667 0.000178494
0 0.0135428 0.844667 0.0270856 0.310667 0.000181229
0 0.543879 0.076 0.0975081 0.152 0.000183781
0 0.834507 0.618667 0.148971 0.130667 0.000186301
0 0.966143 0.674 0.0666305 0.145333 0.000191247
0 0.833424 0.00333333 0.107801 0.00666667 0.000196896
0 0.98104 0.0713333 0.0379198 0.142667 0.000197274
0 0.704225 0.355333 0.0801734 0.172 0.000201281
0 0.821777 0.571333 0.12351 0.102667 0.000201736
0 0.985374 0.584667 0.0292524 0.238667 0.000204224
0 0.708017 0.109333 0.187432 0.176 0.00020613
0 0.582611 0.171333 0.067714 0.129333 0.000209143
0 0.383803 0.622 0.095883 0.110667 0.00021223
0 0.99052 0.0826667 0.0189599 0.165333 0.000223718
0 0.00650054 0.864 0.0130011 0.272 0.000230174
0 0.0116468 0.300667 0.0232936 0.601333 0.000248251
0 0.98402 0.727333 0.031961 0.148 0.000253962
0 0.873781 0.165333 0.0736728 0.130667 0.000254871
0 0.962622 0.140667 0.0747562 0.276 0.00028249
0 0.813651 0.504 0.16143 0.165333 0.000290913
0 0.735103 0.335333 0.107259 0.142667 0.000326584
0 0.00568797 0.207333 0.0113759 0.414667 0.000327807
0 0.700163 0.175333 0.154388 0.276 0.000328315
0 0.504334 0.137333 0.0411701 0.12 0.000331333
0 0.98429 0.672667 0.0314193 0.161333 0.000331449
0 0.986457 0.238667 0.0270856 0.304 0.000332657
0 0.720748 0.344 0.0612134 0.0933333 0.000347819
0 0.760293 0.362667 0.14247 0.181333 0.000351393
0 0.556338 0.146667 0.0585049 0.08 0.000387002
0 0.520043 0.549333 0.0693391 0.101333 0.000391836
0 0.449079 0.140667 0.122427 0.214667 0.000417145
0 0.631907 0.05 0.0406284 0.076 0.000492342
0 0.499729 0.0906667 0.0297941 0.0693333 0.0005145
0 0.457746 0.553333 0.143012 0.250667 0.000527167
0 0.616197 0.084 0.0330444 0.0746667 0.000565073
0 0.627844 0 0.112676 0 0.000616747
0 0.305525 0.5 0.241603 1 0.000621186
0 0.985645 0.134 0.0287107 0.252 0.000635709
0 0.0157096 0.514667 0.0314193 0.970667 0.000781838
0 0.700704 0.265333 0.125135 0.216 0.00081773
0 0.41766 0.539333 0.0660888 0.228 0.000825825
0 0.580444 0.129333 0.0633803 0.106667 0.00113016
0 0.00785482 0.772 0.0157096 0.456 0.00159523
0 0.706663 0.312 0.0980498 0.136 0.00167168
0 0.42091 0.148667 0.0498375 0.113333 0.00175059
0 0.408451 0.165333 0.0465872 0.122667 0.00236709
0 0.436078 0.117333 0.0574215 0.0986667 0.00253875
0 0.794691 0.236 0.212351 0.28 0.00293566
0 0.573944 0.151333 0.0536295 0.0626667 0.0117505
0 0.759751 0.284667 0.132719 0.174667 0.0154048
0 0.73429 0.296667 0.088299 0.137333 0.0331372
0 0.568797 0.0906667 0.0509209 0.173333 0.0545994
0 0.843987 0.684 0.162514 0.144 0.767961
0 0.630553 0.0953333 0.165764 0.182667 0.838089
