0 0.128657 0.386667 0.257313 0.765333 0.000101797
0 0.99377 0.268667 0.0124594 0.14 0.000106048
0 0.432828 0.548 0.0260022 0.141333 0.000107441
0 0.00785482 0.906667 0.0157096 0.186667 0.000107959
0 0.397887 0.796 0.0547129 0.133333 0.000114413
0 0.591008 0.980667 0.020585 0.036 0.000115654
0 0.0268147 0.143333 0.0514626 0.249333 0.000120453
0 0.387595 0.715333 0.024377 0.0546667 0.000127245
0 0.54117 0.391333 0.0249187 0.0786667 0.00013979
0 0.708288 0.0613333 0.0265439 0.117333 0.000150874
0 0.992145 0.159333 0.0157096 0.196 0.000151563
0 0.218581 0.448667 0.039545 0.145333 0.000155785
0 0.706934 0.776667 0.035753 0.06 0.000160906
0 0.995666 0.578667 0.00866739 0.048 0.000162912
0 0.00975081 0.128667 0.0195016 0.252 0.000164697
0 0.479144 0.572 0.0232936 0.0613333 0.00019112
0 0.734561 0.999333 0.0335861 0.00133333 0.00019218
0 0.341278 0.812 0.0379198 0.0746667 0.000198228
0 0.0265439 0.5 0.0530878 1 0.00020002
0 0.791441 0.19 0.0400867 0.108 0.000203012
0 0.407096 0.814667 0.0384615 0.0746667 0.000204833
0 0.74675 0.983333 0.0427952 0.0333333 0.000235624
0 0.596696 0.982 0.0124594 0.0306667 0.000252841
0 0.988624 0.0826667 0.0227519 0.141333 0.000254998
0 0.0203142 0.690667 0.0406284 0.608 0.000256324
0 0.0235645 0.127333 0.0362947 0.0946667 0.000261578
0 0.994312 0.212667 0.0113759 0.161333 0.000267624
0 0.750271 0.659333 0.0140845 0.0253333 0.000275538
0 0.758397 0.589333 0.0812568 0.149333 0.000280009
0 0.0154388 0.194 0.0308776 0.388 0.000282315
0 0.996208 0.612667 0.00758397 0.113333 0.000283336
0 0.995125 0.542 0.00975081 0.126667 0.000294306
0 0.371073 0.886 0.0314193 0.0653333 0.000339664
0 0.00893824 0.826667 0.0178765 0.344 0.000366416
0 0.644366 0.828 0.0341278 0.072 0.000371095
0 0.793879 0.976667 0.0211268 0.0413333 0.000373256
0 0.726706 0.616 0.0146262 0.032 0.00038408
0 0.0241062 0.0913333 0.0417118 0.172 0.000414488
0 0.217497 0.905333 0.0742145 0.125333 0.000549778
0 0.738624 0.630667 0.0384615 0.0826667 0.000652659
0 0.730498 0.614 0.0232936 0.044 0.000679594
0 0.0138137 0.776 0.0276273 0.448 0.000787989
0 0.87649 0.00933333 0.0249187 0.0186667 0.00105759
0 0.483478 0.454667 0.0308776 0.146667 0.00125327
0 0.984832 0.448667 0.0303359 0.0413333 0.00133991
0 0.264897 0.881333 0.0769231 0.141333 0.0020485
0 0.956392 0.299333 0.039545 0.0413333 0.00410437
0 0.239166 0.912667 0.0308776 0.1 0.00632597
0 0.389762 0.847333 0.0731311 0.14 0.8743
0 0.683099 0.403333 0.0693391 0.134667 0.90904
0 0.540628 0.214667 0.0769231 0.165333 0.915587
