0 0.368906 0.560667 0.0444204 0.121333 0.000100219
0 0.687974 0.000666667 0.16468 0.00133333 0.000102253
0 0.608884 0 0.12351 0 0.000105187
0 0.56961 0 0.0579632 0 0.000105692
0 0.282232 0.0353333 0.0585049 0.0626667 0.000106298
0 0.228332 0.248667 0.0276273 0.0573333 0.000106645
0 0.603196 0.346 0.0330444 0.0786667 0.000106665
0 0.663326 0.262667 0.0579632 0.096 0.000108295
0 0.232665 0.3 0.0471289 0.114667 0.000109828
0 0.428223 0 0.0514626 0 0.000111078
0 0.650867 0.724667 0.0287107 0.0626667 0.000112001
0 0.700704 0.942667 0.031961 0.072 0.000112787
0 0.484019 0.124667 0.0222102 0.0466667 0.000113038
0 0.745395 0.975333 0.0520043 0.0493333 0.000113154
0 0.439057 0.592667 0.0460455 0.132 0.000113414
0 0.654659 0.292 0.067714 0.146667 0.000115059
0 0.345883 0 0.0807151 0 0.000122774
0 0.282503 0.406 0.187974 0.812 0.000123391
0 0.554442 0.000666667 0.170639 0.00133333 0.000124367
0 0.420098 0.57 0.0807151 0.134667 0.000128094
0 0.367551 0 0.0579632 0 0.000129582
0 0.96208 0 0.0758397 0 0.000131132
0 0.463705 0.536 0.0498375 0.0986667 0.000135312
0 0.464789 0.669333 0.0465872 0.0853333 0.000136405
0 0.469935 0.330667 0.0341278 0.0613333 0.000138252
0 0.247021 0.207333 0.056338 0.132 0.00013932
0 0.41441 0.434 0.0368364 0.0973333 0.000142796
0 0.244854 0.419333 0.0671723 0.0893333 0.000145356
0 0.526544 0.0853333 0.0346696 0.0906667 0.000148209
0 0.554984 0.242667 0.0449621 0.072 0.00014898
0 0.692579 0.932667 0.0330444 0.0813333 0.000149006
0 0.274377 0.0906667 0.0991333 0.178667 0.000151148
0 0.24052 0.632667 0.0660888 0.18 0.000152132
0 0.724269 0.968 0.0877573 0.064 0.000153017
0 0.835049 0.161333 0.0265439 0.0533333 0.000153618
0 0.67714 0.756 0.0292524 0.0506667 0.000155695
0 0.238895 0.595333 0.056338 0.105333 0.000157372
0 0.992687 0 0.0146262 0 0.000161134
0 0.458288 0.503333 0.0509209 0.076 0.000161626
0 0.878927 0.0353333 0.06013 0.0626667 0.000162451
0 0.824756 0.164 0.0362947 0.056 0.000162937
0 0.46533 0.152 0.0411701 0.0933333 0.000165224
0 0.497562 0.557333 0.0297941 0.109333 0.00016768
0 0.601029 0.388 0.0124594 0.0213333 0.000168482
0 0.445016 0.103333 0.105634 0.206667 0.000169012
0 0.489166 0.0786667 0.0444204 0.130667 0.000172119
0 0.642199 0.253333 0.0547129 0.088 0.000177564
0 0.64247 0 0.0823402 0 0.000179403
0 0.486728 0.841333 0.0124594 0.072 0.000181368
0 0.549567 0.201333 0.0644637 0.125333 0.000187253
0 0.58559 0.241333 0.0346696 0.0586667 0.000190801
0 0.437703 0.163333 0.0303359 0.0546667 0.000192575
0 0.7026 0.238667 0.0368364 0.0506667 0.0001954
0 0.413597 0.532 0.067714 0.0986667 0.000196539
0 0.44312 0.466 0.0400867 0.076 0.00019815
0 0.00595883 0.106 0.0119177 0.209333 0.000198176
0 0.479686 0.865333 0.0297941 0.128 0.000202823
0 0.444745 0.158667 0.0693391 0.0933333 0.000203084
0 0.237541 0.346 0.0547129 0.0866667 0.000212282
0 0.66143 0.462 0.0433369 0.0573333 0.000223634
0 0.469122 0.188 0.0335861 0.048 0.000228554
0 0.373781 0.00933333 0.106176 0.0186667 0.000228589
0 0.481582 0.966667 0.028169 0.048 0.000229301
0 0.461809 0.471333 0.0492958 0.113333 0.000230219
0 0.583965 0.35 0.0476706 0.105333 0.000233797
0 0.662243 0.17 0.0330444 0.14 0.000236937
0 0.253521 0.144 0.0541712 0.141333 0.000237634
0 0.471018 0.229333 0.0417118 0.0986667 0.000252678
0 0.626761 0.836 0.0346696 0.0613333 0.00025299
0 0.286836 0.189333 0.155471 0.365333 0.000257342
0 0.650867 0.792667 0.0341278 0.108 0.000259324
0 0.376761 0.145333 0.0557963 0.0986667 0.000262742
0 0.0111051 0.218 0.0222102 0.433333 0.000264993
0 0.437703 0.491333 0.0574215 0.105333 0.00027922
0 0.252709 0.396 0.0612134 0.0666667 0.000281837
0 0.494583 0.500667 0.0292524 0.0493333 0.000285843
0 0.474269 0.714667 0.0308776 0.125333 0.00029148
0 0.73104 0.574 0.00812568 0.0173333 0.000304763
0 0.472644 0.621333 0.0417118 0.101333 0.000312152
0 0.421452 0.499333 0.0498375 0.0733333 0.000312417
0 0.436078 0.581333 0.121343 0.213333 0.000319252
0 0.482665 0.236 0.0314193 0.0586667 0.000322702
0 0.638949 0.028 0.0427952 0.056 0.000338012
0 0.692037 0.236 0.0157096 0.04 0.000339894
0 0.487541 0.624667 0.028169 0.113333 0.000340643
0 0.502979 0.123333 0.0568797 0.0973333 0.000341934
0 0.488082 0.976667 0.0140845 0.0386667 0.00034215
0 0.413326 0.0506667 0.0368364 0.0986667 0.000347045
0 0.590466 0.363333 0.0325027 0.0706667 0.000349252
0 0.404659 0.0106667 0.0379198 0.0213333 0.0004018
0 0.521398 0.595333 0.0471289 0.158667 0.000413329
0 0.514897 0.526 0.0547129 0.0733333 0.000418016
0 0.487541 0.148 0.0270856 0.0853333 0.000425607
0 0.511918 0.0946667 0.0465872 0.0986667 0.000430209
0 0.609697 0.254667 0.0568797 0.0826667 0.000446347
0 0.627302 0.248 0.0260022 0.072 0.000459335
0 0.00622969 0.819333 0.0124594 0.361333 0.000463884
0 0.245666 0.386667 0.0698808 0.112 0.000464985
0 0.407909 0.00533333 0.035753 0.0106667 0.000466961
0 0.460455 0.07 0.0379198 0.0893333 0.000514461
0 0.407096 0.468 0.0460455 0.096 0.000541045
0 0.671723 0.489333 0.0303359 0.0613333 0.000553635
0 0.399242 0.526667 0.0422535 0.0613333 0.000562739
0 0.0132719 0.578 0.0265439 0.844 0.000577849
0 0.469122 0.479333 0.0325027 0.0813333 0.000583262
0 0.498375 0.514667 0.0314193 0.0533333 0.00058868
0 0.479686 0.332 0.0222102 0.056 0.00064847
0 0.0100217 0.744667 0.0200433 0.508 0.000683354
0 0.708017 0.773333 0.0303359 0.0613333 0.000692889
0 0.535211 0.521333 0.0249187 0.0506667 0.000694628
0 0.251083 0.175333 0.0438787 0.0733333 0.00070026
0 0.535753 0.54 0.0238353 0.064 0.000705372
0 0.478873 0.601333 0.0325027 0.197333 0.000723872
0 0.470748 0.676667 0.0346696 0.0546667 0.000808354
0 0.421181 0.0153333 0.0406284 0.0306667 0.000820691
0 0.447454 0.0166667 0.0606717 0.0333333 0.000834842
0 0.433099 0.535333 0.0373781 0.0626667 0.000847435
0 0.466414 0.966 0.0585049 0.0626667 0.000870169
0 0.478061 0.276 0.0341278 0.101333 0.000890658
0 0.410888 0.0313333 0.0297941 0.0573333 0.000939529
0 0.46831 0.500667 0.0373781 0.0573333 0.00101028
0 0.396533 0.508667 0.0390032 0.06 0.00102268
0 0.451788 0.34 0.056338 0.0666667 0.00105967
0 0.409534 0.498667 0.0292524 0.048 0.00105976
0 0.353738 0.119333 0.0173348 0.0493333 0.00107393
0 0.497833 0.619333 0.0487541 0.172 0.00111994
0 0.475623 0.156 0.0368364 0.0773333 0.0012495
0 0.436891 0.06 0.0742145 0.106667 0.00142996
0 0.471018 0.022 0.0362947 0.044 0.00146354
0 0.66143 0.689333 0.0704225 0.0906667 0.0015018
0 0.425785 0.461333 0.0444204 0.0933333 0.00161291
0 0.477519 0.654 0.024377 0.0946667 0.00178323
0 0.676056 0.178 0.0530878 0.156 0.00181129
0 0.506501 0.605333 0.0314193 0.130667 0.00189679
0 0.479686 0.674667 0.0189599 0.0506667 0.00192141
0 0.466143 0.598667 0.0438787 0.205333 0.00206625
0 0.455309 0.170667 0.0547129 0.0613333 0.00216371
0 0.644637 0.816667 0.0314193 0.105333 0.00224956
0 0.415493 0.488 0.0292524 0.064 0.00236687
0 0.494583 0.108 0.0368364 0.0746667 0.00291866
0 0.297942 0.0373333 0.0498375 0.072 0.00326536
0 0.400867 0.0153333 0.0498375 0.0306667 0.00361062
0 0.469664 0.518667 0.0303359 0.0666667 0.00366362
0 0.947454 0.218 0.0400867 0.0626667 0.00433778
0 0.469664 0.169333 0.0325027 0.0586667 0.00434701
0 0.896804 0.0353333 0.0482123 0.0626667 0.00563263
0 0.475894 0.313333 0.0222102 0.0906667 0.00867475
0 0.397616 0.0166667 0.0552546 0.0333333 0.00915672
0 0.445287 0.442 0.0270856 0.0733333 0.0119659
0 0.473727 0.342667 0.024377 0.048 0.0163085
0 0.462622 0.179333 0.035753 0.036 0.0237876
0 0.409534 0.016 0.0314193 0.032 0.139748
0 0.53494 0.598 0.0254605 0.156 0.807241
0 0.678765 0.689333 0.0379198 0.0773333 0.834326
0 0.723185 0.510667 0.071506 0.0826667 0.883454
