0 0.00650054 0.862 0.0130011 0.276 0.000101792
0 0.979686 0.866 0.039545 0.148 0.000103447
0 0.691766 0.938 0.0422535 0.092 0.000104059
0 0.793337 0.355333 0.0557963 0.0573333 0.00010726
0 0.480228 0.242667 0.024377 0.08 0.000108664
0 0.747291 0.984 0.0449621 0.0293333 0.000110638
0 0.296858 0.149333 0.153846 0.288 0.000112632
0 0.969935 0.936 0.06013 0.12 0.000119578
0 0.332611 0.225333 0.0346696 0.072 0.000120214
0 0.239978 0.0813333 0.0325027 0.08 0.000120525
0 0.387595 0.808667 0.0536295 0.206667 0.000121225
0 0.245937 0.667333 0.0509209 0.0866667 0.000122948
0 0.387866 0.00133333 0.0780065 0.00266667 0.000123799
0 0.832882 0.526667 0.0308776 0.04 0.000124275
0 0.929577 0.936667 0.136511 0.126667 0.000138161
0 0.236999 0.306667 0.0492958 0.146667 0.000138688
0 0.233749 0.382 0.0612134 0.108 0.000140881
0 0.333965 0.502667 0.052546 0.112 0.000143114
0 0.0146262 0.844667 0.0292524 0.310667 0.000143309
0 0.617822 0.924 0.0406284 0.144 0.000144536
0 0.365926 0.529333 0.122969 0.218667 0.000146902
0 0.23429 0.694 0.0850488 0.14 0.000149878
0 0.356446 0.235333 0.0433369 0.092 0.000157339
0 0.242958 0.0546667 0.031961 0.0853333 0.000162028
0 0.677411 0.490667 0.0232936 0.024 0.000176416
0 0.380282 0.773333 0.0292524 0.162667 0.000176947
0 0.0276273 0.5 0.0552546 1 0.000177802
0 0.220477 0.204 0.0227519 0.0666667 0.000187308
0 0.483207 0.23 0.0173348 0.052 0.00020142
0 0.00514626 0.121333 0.0102925 0.234667 0.000201496
0 0.24052 0.268 0.0585049 0.256 0.000206392
0 0.926056 0.872667 0.128386 0.222667 0.000208407
0 0.462622 0.52 0.0487541 0.0666667 0.000209396
0 0.249187 0.106 0.0476706 0.0706667 0.000227096
0 0.887595 0.866 0.067714 0.18 0.000229362
0 0.367281 0.288667 0.0379198 0.052 0.000231859
0 0.380282 0.281333 0.0346696 0.0533333 0.000236461
0 0.297671 0.406 0.198808 0.766667 0.000256753
0 0.397075 0.0753333 0.0444204 0.0733333 0.000269635
0 0.00622969 0.197333 0.0124594 0.394667 0.000270221
0 0.24377 0.614 0.0606717 0.265333 0.000280046
0 0.22481 0.324 0.0249187 0.08 0.000282904
0 0.474269 0.376 0.0362947 0.0426667 0.000297494
0 0.253792 0.71 0.067714 0.118667 0.000334147
0 0.739707 0.847333 0.0655471 0.142667 0.000351476
0 0.618906 0.0866667 0.0146262 0.04 0.000353147
0 0.475352 0.218 0.0330444 0.044 0.000391239
0 0.553088 0.066 0.0130011 0.0493333 0.000407761
0 0.223727 0.162 0.0368364 0.150667 0.000420942
0 0.0124594 0.219333 0.0249187 0.433333 0.000449041
0 0.342633 0.224667 0.0157096 0.0706667 0.000475131
0 0.792524 0.589333 0.0292524 0.04 0.000477597
0 0.23104 0.426 0.052546 0.0813333 0.000496669
0 0.468581 0.372 0.0487541 0.064 0.000591199
0 0.555525 0.76 0.0297941 0.0986667 0.000613008
0 0.74675 0.883333 0.0850488 0.222667 0.000627693
0 0.893824 0.927333 0.0487541 0.092 0.00063794
0 0.249458 0.735333 0.0557963 0.0733333 0.000730136
0 0.873239 0.911333 0.0877573 0.092 0.000741306
0 0.0154388 0.592667 0.0308776 0.814667 0.000792197
0 0.385428 0.0746667 0.0557963 0.114667 0.0011959
0 0.00893824 0.777333 0.0178765 0.445333 0.00123167
0 0.372969 0.102 0.0362947 0.0573333 0.00170604
0 0.558234 0.678667 0.0362947 0.296 0.00180934
0 0.887866 0.906 0.0552546 0.0706667 0.0021018
0 0.283044 0.044 0.0763814 0.088 0.00396626
0 0.931203 0.94 0.122427 0.12 0.0783916
0 0.415764 0.757333 0.0362947 0.186667 0.837766
0 0.557692 0.604 0.0297941 0.16 0.849344
