0 0.0130011 0.607333 0.0260022 0.782667 0.000100695
0 0.905471 0.796 0.0557963 0.128 0.000101158
0 0.656284 0.0226667 0.111051 0.0453333 0.000103747
0 0.556338 0.598 0.0455038 0.0786667 0.000104945
0 0.707476 0.363333 0.0585049 0.132 0.000105653
0 0.906284 0 0.0790899 0 0.000108327
0 0.729144 0.3 0.0595883 0.114667 0.000109106
0 0.684453 0.769333 0.0265439 0.0426667 0.000109355
0 0.796587 0.173333 0.039545 0.0666667 0.000111702
0 0.86403 0.803333 0.115926 0.137333 0.000111962
0 0.716414 0.995333 0.0384615 0.00933333 0.000112171
0 0.624323 0.0686667 0.0384615 0.0893333 0.000112555
0 0.74377 0.248 0.128927 0.28 0.000113386
0 0.55688 0.636 0.0617551 0.144 0.000113985
0 0.525731 0.563333 0.0590466 0.129333 0.000115789
0 0.543879 0.802 0.056338 0.18 0.000116756
0 0.884615 0.328 0.0216685 0.032 0.000116993
0 0.770856 0.258 0.0400867 0.0733333 0.000122598
0 0.452058 0.46 0.0189599 0.048 0.00012327
0 0.52221 0.038 0.0314193 0.076 0.000125495
0 0.378115 0.504 0.0498375 0.213333 0.000128438
0 0.981311 0.942667 0.0352113 0.112 0.000130746
0 0.530336 0.632 0.0747562 0.194667 0.00013161
0 0.376219 0.411333 0.0471289 0.0813333 0.000131756
0 0.484561 0.0573333 0.0547129 0.114667 0.000132403
0 0.581257 0.652667 0.0953413 0.217333 0.000135311
0 0.951788 0.403333 0.0964247 0.142667 0.000137172
0 0.533586 0.703333 0.0801734 0.148 0.000139501
0 0.920368 0.272667 0.0335861 0.0653333 0.000143447
0 0.742145 0.431333 0.0790899 0.105333 0.000144268
0 0.479415 0.121333 0.0498375 0.130667 0.000144614
0 0.992416 0 0.0151679 0 0.000145629
0 0.714789 0.986 0.0352113 0.028 0.000146843
0 0.993499 0.801333 0.0130011 0.168 0.000147124
0 0.0113759 0.236 0.0227519 0.472 0.00015065
0 0.755688 0.979333 0.0303359 0.0386667 0.000151352
0 0.0195016 0.5 0.0390032 1 0.000154912
0 0.65493 0 0.0942579 0 0.000155224
0 0.681744 0.127333 0.0276273 0.0706667 0.000156491
0 0.614572 0.086 0.0157096 0.0386667 0.000158115
0 0.507855 0.484 0.0362947 0.136 0.000161462
0 0.714247 0.308667 0.0362947 0.0573333 0.000163033
0 0.48429 0.0973333 0.0368364 0.0906667 0.000166061
0 0.994041 0.682667 0.0119177 0.168 0.000171297
0 0.517335 0.590667 0.0455038 0.106667 0.000173828
0 0.569339 0.414 0.0509209 0.0866667 0.00017588
0 0.693933 0.776667 0.035753 0.0466667 0.000180327
0 0.709913 0.776 0.0341278 0.064 0.000189222
0 0.387595 0.391333 0.0460455 0.0893333 0.000194811
0 0.652763 0.107333 0.0671723 0.0813333 0.000199138
0 0.378657 0.0526667 0.0227519 0.06 0.00020161
0 0.43039 0.294 0.067714 0.1 0.000207146
0 0.351842 0.202 0.0200433 0.036 0.000208983
0 0.573131 0.910667 0.107259 0.176 0.000209518
0 0.70883 0.425333 0.0449621 0.0693333 0.000211355
0 0.660076 0.0753333 0.128386 0.145333 0.000211502
0 0.710997 0.694 0.0460455 0.0733333 0.000213672
0 0.995125 0.292667 0.00975081 0.164 0.000216023
0 0.994854 0.034 0.0102925 0.068 0.000217152
0 0.995125 0.503333 0.00975081 0.164 0.000226749
0 0.987541 0.0586667 0.0249187 0.112 0.000226918
0 0.00731311 0.848667 0.0146262 0.302667 0.000227385
0 0.505417 0.633333 0.0335861 0.0693333 0.000230408
0 0.190683 0.130667 0.0379198 0.0773333 0.000234889
0 0.419827 0.759333 0.270856 0.385333 0.000237744
0 0.609155 0.101333 0.0254605 0.064 0.000241373
0 0.856988 0.0173333 0.0455038 0.032 0.000259387
0 0.630823 0.648667 0.031961 0.0626667 0.000272803
0 0.839653 0.803333 0.0660888 0.113333 0.000280366
0 0.675515 0.115333 0.0292524 0.0653333 0.000290669
0 0.67091 0.0626667 0.0460455 0.109333 0.000291233
0 0.629469 0.0986667 0.0465872 0.072 0.000293361
0 0.728873 0.422667 0.052546 0.0746667 0.000297326
0 0.914951 0.479333 0.0173348 0.028 0.000305067
0 0.712351 0.333333 0.0444204 0.072 0.000306849
0 0.392741 0.948667 0.0790899 0.1 0.000310388
0 0.732665 0.965333 0.0763814 0.0693333 0.000313949
0 0.65493 0.807333 0.0335861 0.1 0.000316821
0 0.0067714 0.194667 0.0135428 0.389333 0.000319292
0 0.46506 0.142 0.0622969 0.177333 0.000324105
0 0.992958 0.0526667 0.0140845 0.1 0.000325762
0 0.636511 0.664667 0.0379198 0.0946667 0.000334141
0 0.902221 0.823333 0.0492958 0.068 0.000344458
0 0.410076 0.415333 0.0823402 0.121333 0.000359897
0 0.874594 0.016 0.0157096 0.032 0.000362227
0 0.689328 0.0246667 0.06013 0.0466667 0.000371946
0 0.903034 0.461333 0.035753 0.0613333 0.000372355
0 0.505959 0.566 0.0411701 0.116 0.000376398
0 0.992958 0.879333 0.0140845 0.174667 0.000380042
0 0.0111051 0.784 0.0222102 0.432 0.000390389
0 0.641928 0.81 0.0498375 0.126667 0.000391822
0 0.601029 0.704 0.0828819 0.157333 0.000394126
0 0.385157 0.417333 0.0292524 0.0453333 0.000400436
0 0.668743 0.1 0.0341278 0.048 0.000407442
0 0.475352 0.0826667 0.0406284 0.088 0.000431741
0 0.466956 0.0586667 0.056338 0.117333 0.000435184
0 0.666306 0.721333 0.0498375 0.0773333 0.000437198
0 0.931203 0.000666667 0.137595 0.00133333 0.000452603
0 0.51571 0.552667 0.0400867 0.0866667 0.000465376
0 0.662514 0.0853333 0.0455038 0.0613333 0.000491809
0 0.571506 0.686667 0.0422535 0.0826667 0.000496254
0 0.698808 0.430667 0.0725894 0.0906667 0.000508924
0 0.374594 0.957333 0.0406284 0.0853333 0.000546894
0 0.606717 0.806667 0.0725894 0.170667 0.000608865
0 0.969664 0.382 0.0606717 0.105333 0.000615294
0 0.670098 0.00333333 0.0964247 0.00666667 0.000616416
0 0.992145 0.933333 0.0157096 0.125333 0.000620134
0 0.653846 0.732667 0.028169 0.06 0.000621497
0 0.644366 0.684 0.0514626 0.136 0.000625204
0 0.543066 0.677333 0.0460455 0.109333 0.000682635
0 0.553629 0.715333 0.0303359 0.052 0.000703532
0 0.495125 0.0606667 0.0595883 0.108 0.000767831
0 0.71831 0.324 0.028169 0.0373333 0.000866885
0 0.607259 0.748 0.0400867 0.0826667 0.000882888
0 0.53494 0.65 0.0612134 0.108 0.000898483
0 0.989707 0.462667 0.020585 0.242667 0.000943673
0 0.55065 0.762 0.0590466 0.14 0.00105801
0 0.381907 0.443333 0.035753 0.0973333 0.00115056
0 0.563651 0.658667 0.0406284 0.0826667 0.00148773
0 0.761105 0.704667 0.0379198 0.0706667 0.00176514
0 0.807963 0.185333 0.0178765 0.0373333 0.00203971
0 0.981853 0.350667 0.0362947 0.157333 0.0020593
0 0.553088 0.718667 0.0444204 0.08 0.00207718
0 0.657367 0.767333 0.031961 0.076 0.00292039
0 0.903575 0.0313333 0.0736728 0.06 0.00343594
0 0.615114 0.762 0.0796316 0.105333 0.00380659
0 0.322319 0.706 0.0704225 0.262667 0.00503385
0 0.479686 0.0573333 0.0287107 0.106667 0.00547047
0 0.570152 0.697333 0.0774648 0.157333 0.0110834
0 0.98104 0.412667 0.0379198 0.14 0.0160792
0 0.895991 0.0213333 0.056338 0.0373333 0.0240506
0 0.644637 0.086 0.0790899 0.0866667 0.0338622
0 0.586403 0.784667 0.0926327 0.190667 0.054432
0 0.627031 0.795333 0.067714 0.129333 0.0601345
0 0.573944 0.734667 0.0568797 0.0906667 0.683233
0 0.979144 0.378667 0.0362947 0.0826667 0.762565
0 0.560672 0.366 0.0660888 0.108 0.888122
0 0.883803 0.692 0.102384 0.122667 0.91537
0 0.936349 0.212667 0.0709642 0.188 0.915553
