0 0.932015 0.00533333 0.0547129 0.0106667 0.000102131
0 0.911701 0.757333 0.0455038 0.0933333 0.000102884
0 0.977248 0.351333 0.0455038 0.113333 0.000104173
0 0.37351 0.268667 0.0926327 0.252 0.000106904
0 0.0270856 0.729333 0.0541712 0.541333 0.000106959
0 0.637053 0 0.0671723 0 0.000107787
0 0.599946 0.05 0.0460455 0.092 0.000108451
0 0.668743 0.054 0.0471289 0.1 0.000113556
0 0.800921 0.882 0.0146262 0.0306667 0.000113603
0 0.0325027 0.547333 0.0650054 0.905333 0.000117356
0 0.718852 0.200667 0.0747562 0.084 0.000119403
0 0.758667 0.000666667 0.0644637 0.00133333 0.000122574
0 0.836674 0.046 0.0341278 0.0786667 0.000139045
0 0.976706 0.0593333 0.0400867 0.105333 0.000145921
0 0.509751 0.000666667 0.0747562 0.00133333 0.000146254
0 0.328819 0.0446667 0.0704225 0.0893333 0.000151187
0 0.71506 0.129333 0.0368364 0.0533333 0.000156111
0 0.0230228 0.876667 0.0460455 0.244 0.00015686
0 0.735645 0.997333 0.0530878 0.00533333 0.000168973
0 0.71831 0.958 0.0910076 0.084 0.000169743
0 0.536295 0.0106667 0.063922 0.0213333 0.000170993
0 0.295504 0.104667 0.150054 0.209333 0.000172447
0 0.581257 0 0.0736728 0 0.000191507
0 0.422535 0.042 0.0346696 0.0706667 0.000192834
0 0.935807 0.0446667 0.067714 0.0893333 0.000193794
0 0.718581 0.121333 0.0612134 0.0533333 0.000194931
0 0.47454 0.0826667 0.0325027 0.0586667 0.000198488
0 0.948537 0.00133333 0.099675 0.00266667 0.000199545
0 0.378115 0.114667 0.0877573 0.221333 0.000206951
0 0.4052 0.0433333 0.0682557 0.0813333 0.000219975
0 0.355905 0.082 0.0552546 0.158667 0.000221294
0 0.75325 0.739333 0.0438787 0.06 0.000224691
0 0.658451 0.952667 0.0113759 0.0306667 0.000229912
0 0.992416 0 0.0151679 0 0.000241122
0 0.311213 0.0546667 0.112134 0.109333 0.000246403
0 0.3513 0.0486667 0.0438787 0.0893333 0.000253624
0 0.662784 0.038 0.0330444 0.0706667 0.000262005
0 0.710997 0.782667 0.0352113 0.0666667 0.000262286
0 0.346696 0.422667 0.0249187 0.0906667 0.000262624
0 0.977248 0.066 0.0216685 0.0653333 0.000269315
0 0.396262 0.178667 0.039545 0.0853333 0.000276703
0 0.403034 0.0973333 0.0725894 0.186667 0.000291802
0 0.291441 0.323333 0.193933 0.641333 0.000301529
0 0.5539 0.038 0.0828819 0.076 0.000305845
0 0.0159805 0.224667 0.031961 0.449333 0.000338318
0 0.728332 0.981333 0.0460455 0.0373333 0.000339337
0 0.554713 0.000666667 0.0704225 0.00133333 0.000362635
0 0.238624 0.400667 0.0503792 0.137333 0.000370566
0 0.836945 0.0673333 0.0260022 0.044 0.000429163
0 0.562839 0.0646667 0.110509 0.129333 0.000494275
0 0.0102925 0.802667 0.020585 0.392 0.000495086
0 0.342633 0.032 0.0373781 0.0613333 0.000645678
0 0.0132719 0.693333 0.0265439 0.613333 0.000707538
0 0.717497 0.976667 0.0232936 0.044 0.000818808
0 0.264355 0.854667 0.035753 0.08 0.000871489
0 0.673077 0.427333 0.0189599 0.0466667 0.00119078
0 0.948537 0.0633333 0.0866739 0.118667 0.00120375
0 0.0173348 0.5 0.0346696 1 0.001292
0 0.465601 0.0806667 0.0167931 0.044 0.00133232
0 0.746479 0.984 0.0433369 0.0293333 0.00221006
0 0.403575 0.200667 0.0368364 0.0786667 0.0024408
0 0.53792 0.0326667 0.0476706 0.0573333 0.00284307
0 0.323131 0.142 0.138137 0.201333 0.00316726
0 0.927411 0.06 0.0455038 0.114667 0.835079
0 0.916576 0.841333 0.0444204 0.144 0.883488
0 0.723185 0.171333 0.0823402 0.0973333 0.885296
