0 0.991603 0.851333 0.0167931 0.182667 0.000100306
0 0.380823 0.868 0.0368364 0.168 0.000103671
0 0.00622969 0.188667 0.0124594 0.377333 0.000111729
0 0.657096 0.568667 0.0108342 0.02 0.00011232
0 0.425785 0.174667 0.0520043 0.176 0.000112634
0 0.434995 0.275333 0.028169 0.0413333 0.000114627
0 0.990249 0.107333 0.0195016 0.084 0.000116082
0 0.993229 0.917333 0.0135428 0.146667 0.000118614
0 0.440412 0.160667 0.0249187 0.0813333 0.000121102
0 0.388949 0.824667 0.0455038 0.126667 0.000121573
0 0.203413 0.704667 0.0297941 0.084 0.000121884
0 0.446912 0.578 0.0270856 0.084 0.000122574
0 0.487541 0.376 0.0422535 0.0746667 0.000127501
0 0.336403 0.416667 0.0444204 0.129333 0.000129418
0 0.700163 0.742667 0.0384615 0.04 0.00013995
0 0.429848 0.520667 0.052546 0.161333 0.000141184
0 0.368364 0.839333 0.0606717 0.148 0.00014398
0 0.993229 0.960667 0.0135428 0.076 0.000145388
0 0.966685 0.0493333 0.0666305 0.0986667 0.000146795
0 0.478873 0.947333 0.020585 0.0786667 0.000147995
0 0.436078 0.206667 0.0606717 0.0853333 0.000148545
0 0.00758397 0.789333 0.0151679 0.421333 0.000154359
0 0.719393 0.943333 0.0899242 0.113333 0.000156105
0 0.987812 0.164667 0.024377 0.158667 0.000164246
0 0.349675 0.450667 0.039545 0.186667 0.000170332
0 0.985374 0.382 0.0292524 0.236 0.000171289
0 0.790087 0.117333 0.0698808 0.0613333 0.000174689
0 0.963434 0.910667 0.0720477 0.178667 0.000175075
0 0.98727 0.324 0.0254605 0.184 0.000179258
0 0.487811 0.937333 0.0178765 0.0506667 0.000179785
0 0.410888 0.351333 0.0579632 0.196 0.000180069
0 0.747291 0.982 0.0427952 0.0333333 0.000183932
0 0.780336 0.577333 0.0265439 0.032 0.000187881
0 0.85753 0.878 0.0184182 0.0653333 0.000188257
0 0.566089 0.0646667 0.0866739 0.129333 0.000188802
0 0.777898 0.00266667 0.109426 0.00533333 0.000199606
0 0.785211 0.583333 0.0178765 0.0146667 0.000222586
0 0.894095 0.722 0.0471289 0.0786667 0.000228826
0 0.993499 0.344 0.0130011 0.136 0.000231285
0 0.988624 0.0733333 0.0227519 0.133333 0.000235934
0 0.943933 0.343333 0.112134 0.196 0.000237709
0 0.986728 0.196667 0.0265439 0.0786667 0.000237754
0 0.336945 0.85 0.0812568 0.142667 0.000244858
0 0.986457 0.221333 0.0270856 0.232 0.000251721
0 0.961538 0.265333 0.0769231 0.184 0.000256469
0 0.0143554 0.517333 0.0287107 0.965333 0.000270219
0 0.438245 0.196667 0.0314193 0.148 0.000286938
0 0.519502 0.298667 0.0498375 0.064 0.000289866
0 0.368635 0.837333 0.0341278 0.125333 0.000293404
0 0.989978 0.250667 0.0200433 0.149333 0.000296838
0 0.800921 0.0233333 0.067714 0.0413333 0.000307903
0 0.973998 0.948667 0.0509209 0.1 0.000308052
0 0.435807 0.433333 0.0232936 0.04 0.000315869
0 0.475352 0.100667 0.0200433 0.0626667 0.000321047
0 0.180119 0.549333 0.024377 0.0746667 0.00033874
0 0.541441 0.258 0.0937161 0.132 0.000340166
0 0.992416 0.294 0.0151679 0.0946667 0.000345708
0 0.605634 0.0753333 0.0162514 0.0386667 0.000353616
0 0.499187 0.359333 0.0406284 0.0813333 0.000354776
0 0.985374 0.494 0.0292524 0.398667 0.00036099
0 0.760563 0.23 0.0975081 0.102667 0.000371255
0 0.0113759 0.702 0.0227519 0.596 0.000371845
0 0.988353 0.944 0.0232936 0.109333 0.00038212
0 0.463164 0.894667 0.0465872 0.136 0.000414463
0 0.992145 0.447333 0.0157096 0.353333 0.000418973
0 0.580715 0.0906667 0.0628386 0.0853333 0.000440206
0 0.983207 0.302667 0.0335861 0.109333 0.000459364
0 0.811755 0.016 0.0449621 0.032 0.000558532
0 0.548483 0.116667 0.0276273 0.0893333 0.000567286
0 0.563109 0.131333 0.0482123 0.0813333 0.000581481
0 0.990249 0.59 0.0195016 0.441333 0.000609984
0 0.696641 0.082 0.27844 0.158667 0.000610804
0 0.421181 0.225333 0.0503792 0.128 0.000873226
0 0.981853 0.966667 0.0362947 0.0666667 0.000988617
0 0.543608 0.102 0.0135428 0.0573333 0.00120742
0 0.678765 0.15 0.317443 0.3 0.00144336
0 0.561213 0.107333 0.0476706 0.0706667 0.00161975
0 0.495125 0.389333 0.0411701 0.056 0.00184736
0 0.567172 0.214667 0.0400867 0.088 0.00337488
0 0.478602 0.104 0.0146262 0.0453333 0.00405313
0 0.437432 0.600667 0.0449621 0.044 0.00485817
0 0.493499 0.929333 0.0314193 0.072 0.0052485
0 0.704767 0.764667 0.0390032 0.06 0.00534569
0 0.561755 0.247333 0.0498375 0.126667 0.00630368
0 0.426327 0.276667 0.0140845 0.0386667 0.00803587
0 0.482124 0.930667 0.0162514 0.0693333 0.0112434
0 0.407367 0.278 0.0498375 0.0546667 0.0123115
0 0.957205 0.309333 0.0801734 0.101333 0.0182688
0 0.796858 0.200667 0.056338 0.0653333 0.0219641
0 0.461538 0.922 0.0465872 0.0573333 0.0272657
0 0.554984 0.276 0.0612134 0.0853333 0.0295807
0 0.419556 0.280667 0.0287107 0.0573333 0.0517317
0 0.790358 0.0373333 0.0931744 0.0693333 0.0642905
0 0.346696 0.417333 0.0260022 0.117333 0.0793044
0 0.44935 0.600667 0.0232936 0.0386667 0.100641
0 0.428494 0.356 0.0368364 0.197333 0.187656
0 0.456121 0.84 0.0335861 0.178667 0.58017
0 0.406284 0.865333 0.0400867 0.194667 0.868461
0 0.536566 0.622667 0.031961 0.165333 0.871125
