0 0.691766 0.221333 0.0498375 0.0693333 0.000100203
0 0.97779 0.0233333 0.0433369 0.0466667 0.00010051
0 0.710997 0.778 0.031961 0.06 0.000100805
0 0.407096 0.0333333 0.0460455 0.0613333 0.000101504
0 0.66441 0.718 0.0330444 0.0493333 0.00010276
0 0.23429 0.332 0.0644637 0.178667 0.00010429
0 0.438245 0.444 0.0151679 0.0453333 0.000107513
0 0.268418 0.404 0.130553 0.24 0.000109606
0 0.00595883 0.100667 0.0119177 0.198667 0.000112531
0 0.190683 0.172 0.0195016 0.088 0.00011438
0 0.26273 0.513333 0.0292524 0.0933333 0.000117628
0 0.992687 0.397333 0.0146262 0.216 0.000117753
0 0.982936 0.144667 0.0341278 0.214667 0.000121746
0 0.333694 0.658667 0.0379198 0.0586667 0.000122606
0 0.341549 0.356667 0.031961 0.0813333 0.000126475
0 0.869447 0.44 0.0422535 0.056 0.000127231
0 0.662514 0.265333 0.0855905 0.122667 0.000127547
0 0.733478 0.399333 0.0650054 0.118667 0.000127866
0 0.254605 0.29 0.0260022 0.105333 0.000128116
0 0.991333 0.662667 0.0173348 0.165333 0.000128798
0 0.494312 0.222667 0.0536295 0.0533333 0.000129754
0 0.203413 0.0933333 0.0232936 0.0613333 0.000131295
0 0.637595 0.579333 0.0314193 0.06 0.000132798
0 0.973185 0.348667 0.0482123 0.0813333 0.000138004
0 0.650596 0.562667 0.0400867 0.0666667 0.00014308
0 0.751896 0.446 0.0520043 0.158667 0.000144127
0 0.261105 0.759333 0.0682557 0.156 0.000146329
0 0.93987 0.399333 0.0455038 0.0866667 0.000147118
0 0.229144 0.566667 0.0736728 0.394667 0.000152181
0 0.947183 0.0313333 0.0828819 0.06 0.00015273
0 0.249729 0.742 0.0433369 0.092 0.000153774
0 0.23727 0.738 0.0498375 0.153333 0.000156021
0 0.722102 0.379333 0.0465872 0.076 0.000159627
0 0.674973 0.372667 0.0877573 0.110667 0.000167531
0 0.249729 0.324 0.0314193 0.104 0.000168506
0 0.319881 0.366667 0.0297941 0.101333 0.000169751
0 0.967768 0.002 0.0644637 0.004 0.000172214
0 0.988624 0.0253333 0.0184182 0.024 0.000175993
0 0.784399 0.478 0.0834236 0.0973333 0.000176104
0 0.271668 0.920667 0.0568797 0.158667 0.000176818
0 0.0116468 0.192667 0.0232936 0.38 0.00017813
0 0.839653 0.897333 0.0108342 0.0453333 0.000185488
0 0.315005 0.47 0.0297941 0.0573333 0.000188971
0 0.671993 0.752 0.0200433 0.0453333 0.000190499
0 0.0419827 0.854667 0.0492958 0.0533333 0.000190756
0 0.602384 0.952 0.0216685 0.0773333 0.000193273
0 0.752438 0.980667 0.0325027 0.036 0.000195747
0 0.740791 0.428667 0.088299 0.18 0.000200828
0 0.986728 0.557333 0.0265439 0.277333 0.000203132
0 0.345883 0.371333 0.0232936 0.0706667 0.000203984
0 0.471831 0.125333 0.028169 0.0693333 0.000204766
0 0.374865 0.0493333 0.0335861 0.0773333 0.000212054
0 0.542795 0.106 0.0119177 0.0306667 0.000219456
0 0.363759 0.634667 0.0254605 0.0613333 0.000220392
0 0.359155 0.632 0.0368364 0.088 0.000223532
0 0.987541 0.736 0.0249187 0.373333 0.000229757
0 0.985103 0.902667 0.0297941 0.173333 0.000233549
0 0.992145 0.0233333 0.0157096 0.0386667 0.000243177
0 0.663326 0.362 0.067714 0.068 0.000246821
0 0.386511 0.319333 0.095883 0.126667 0.000278224
0 0.280065 0.595333 0.12351 0.148 0.000281228
0 0.990249 0.068 0.0195016 0.117333 0.000286605
0 0.554171 0.313333 0.063922 0.0693333 0.000321921
0 0.476706 0.116667 0.0184182 0.052 0.00032574
0 0.332882 0.37 0.0427952 0.068 0.000341568
0 0.188245 0.194 0.0222102 0.0653333 0.000367262
0 0.976706 0.862 0.0465872 0.233333 0.000387371
0 0.22481 0.540667 0.0455038 0.22 0.000391123
0 0.471831 0.942 0.0162514 0.068 0.000396426
0 0.984832 0.821333 0.0303359 0.221333 0.000410641
0 0.00731311 0.820667 0.0146262 0.356 0.000435135
0 0.332882 0.607333 0.0384615 0.132 0.000441539
0 0.327194 0.594 0.0671723 0.156 0.000445634
0 0.990791 0.772667 0.0184182 0.228 0.000462146
0 0.397887 0.398 0.0471289 0.068 0.000500599
0 0.0143554 0.598667 0.0287107 0.802667 0.000537307
0 0.765168 0.144667 0.052546 0.0546667 0.000538774
0 0.291441 0.612667 0.171181 0.262667 0.000548886
0 0.992687 0.903333 0.0146262 0.137333 0.00056464
0 0.226436 0.466667 0.0444204 0.08 0.000583976
0 0.99052 0.126667 0.0189599 0.218667 0.000608423
0 0.26571 0.864667 0.0644637 0.262667 0.00061642
0 0.621614 0.534 0.0265439 0.105333 0.000622247
0 0.419014 0.319333 0.0276273 0.116 0.000698824
0 0.253792 0.595333 0.0633803 0.156 0.000715329
0 0.707747 0.375333 0.0189599 0.076 0.000802521
0 0.690141 0.374 0.0530878 0.0813333 0.000939529
0 0.236728 0.486 0.0650054 0.158667 0.000945303
0 0.219122 0.448667 0.031961 0.0466667 0.000971444
0 0.990249 0.856667 0.0195016 0.196 0.00104135
0 0.244583 0.542667 0.0644637 0.234667 0.00114432
0 0.760834 0.472 0.0362947 0.106667 0.00120406
0 0.667389 0.729333 0.0270856 0.04 0.0012926
0 0.0108342 0.739333 0.0216685 0.518667 0.00130198
0 0.396533 0.292667 0.0736728 0.076 0.00152641
0 0.23402 0.39 0.0574215 0.172 0.00170979
0 0.351842 0.598667 0.0514626 0.138667 0.00186787
0 0.254334 0.818 0.0503792 0.185333 0.00205144
0 0.224269 0.423333 0.0400867 0.105333 0.00216904
0 0.419014 0.282667 0.0276273 0.0453333 0.00281946
0 0.232936 0.58 0.0390032 0.170667 0.00352769
0 0.241062 0.650667 0.0552546 0.325333 0.00411371
0 0.435536 0.6 0.0411701 0.0506667 0.00420496
0 0.776544 0.617333 0.0362947 0.04 0.00426936
0 0.760022 0.506 0.0335861 0.0413333 0.00478551
0 0.880011 0.754 0.0438787 0.0813333 0.006608
0 0.245125 0.766667 0.0330444 0.0933333 0.0189137
0 0.411701 0.340667 0.0422535 0.164 0.024581
0 0.462893 0.954667 0.031961 0.088 0.036302
0 0.667118 0.227333 0.0731311 0.0626667 0.0927262
0 0.40818 0.284 0.0482123 0.056 0.400394
0 0.531148 0.634667 0.031961 0.16 0.871403
0 0.398971 0.864 0.039545 0.194667 0.874207
