0 0.303088 0.604667 0.220477 0.782667 0.000103213
0 0.132178 0.138 0.0530878 0.148 0.000110736
0 0.71208 0.482667 0.0341278 0.0613333 0.000117652
0 0.719935 0.942 0.0953413 0.113333 0.000119215
0 0.232936 0.733333 0.0574215 0.130667 0.00011965
0 0.244041 0.715333 0.0471289 0.198667 0.000122764
0 0.404388 0.0586667 0.0232936 0.0773333 0.000124664
0 0.222373 0.612 0.0384615 0.0426667 0.00012521
0 0.377573 0.0666667 0.0628386 0.0986667 0.000127159
0 0.270856 0.0606667 0.0530878 0.113333 0.000129251
0 0.244854 0.410667 0.0617551 0.141333 0.000130861
0 0.602384 0.726667 0.0173348 0.04 0.000144071
0 0.0492958 0.519333 0.0400867 0.196 0.000160843
0 0.401138 0.382667 0.0373781 0.0826667 0.000163105
0 0.0354821 0.706 0.0687974 0.342667 0.000165267
0 0.0254605 0.634667 0.0509209 0.717333 0.000166841
0 0.0138137 0.584667 0.0276273 0.830667 0.000168192
0 0.235915 0.767333 0.0536295 0.0813333 0.000183661
0 0.0116468 0.844667 0.0232936 0.308 0.000199323
0 0.344529 0.966667 0.0411701 0.064 0.000274542
0 0.289545 0.157333 0.0417118 0.114667 0.000281749
0 0.251896 0.791333 0.0292524 0.0653333 0.000294308
0 0.247833 0.231333 0.0503792 0.110667 0.000306484
0 0.0446912 0.468 0.0536295 0.304 0.000335154
0 0.328819 0.814 0.0140845 0.0306667 0.000342299
0 0.390033 0.064 0.0411701 0.0666667 0.000379428
0 0.24675 0.478667 0.0655471 0.12 0.000383634
0 0.696641 0.944 0.0498375 0.104 0.000415626
0 0.281961 0.957333 0.0774648 0.0853333 0.000460044
0 0.0479415 0.384 0.0373781 0.136 0.000509805
0 0.286295 0.115333 0.0666305 0.222667 0.000558617
0 0.331528 0.972667 0.0130011 0.0333333 0.000609966
0 0.0511918 0.357333 0.0297941 0.0826667 0.000731163
0 0.264085 0.164 0.088299 0.24 0.000942334
0 0.314735 0.962667 0.0455038 0.072 0.00134832
0 0.333694 0.689333 0.0368364 0.088 0.00281414
0 0.239437 0.272667 0.0465872 0.102667 0.00301649
0 0.383261 0.326 0.0373781 0.137333 0.003112
0 0.29415 0.960667 0.0400867 0.076 0.00316481
0 0.441766 0.978 0.0492958 0.0413333 0.031594
0 0.331528 0.965333 0.0195016 0.0506667 0.0954896
0 0.380011 0.966667 0.0297941 0.064 0.766183
0 0.261918 0.448667 0.0406284 0.164 0.843306
0 0.380823 0.291333 0.0303359 0.126667 0.866304
0 0.56013 0.938667 0.071506 0.0853333 0.904739
