      0/99     29.8G   0.05453   0.07339         0    0.1279        26      1856    0.8502    0.6642    0.7715    0.4875   0.05153    0.0438         0
      1/99     29.2G   0.03442   0.06718         0    0.1016        57      1856    0.9216    0.7545    0.8559    0.6291    0.0376   0.04221         0
      2/99     29.2G   0.02919   0.06656         0   0.09575       142      1856    0.8835    0.7736    0.8611    0.6349   0.03143   0.04043         0
      3/99     29.2G   0.02607   0.06258         0   0.08865        79      1856    0.8769    0.7811    0.8781    0.6666   0.02788   0.04037         0
      4/99     29.2G   0.02522   0.06153         0   0.08675        83      1856    0.8477    0.8226    0.8731    0.6628   0.02479   0.04542         0
      5/99     29.2G   0.02432   0.05999         0   0.08431       127      1856    0.8815    0.8226    0.8873    0.6838   0.02389   0.04167         0
      6/99     29.2G   0.02378   0.05883         0   0.08261        73      1856    0.9361    0.7735    0.8841    0.6846   0.02258   0.04206         0
      7/99     29.2G   0.02379   0.05846         0   0.08225        54      1856    0.9304    0.8071    0.8977    0.6883   0.02284   0.04439         0
      8/99     29.2G   0.02335   0.05882         0   0.08217        78      1856     0.904    0.7547    0.8688    0.6638   0.02309   0.04649         0
      9/99     29.2G   0.02309   0.05797         0   0.08105        51      1856    0.8958    0.8113    0.8863    0.6778    0.0228   0.04249         0
     10/99     29.2G   0.02275   0.05603         0   0.07878        51      1856    0.9326    0.7887    0.9056    0.7001   0.02214   0.04151         0
     11/99     29.2G   0.02254   0.05655         0    0.0791        25      1856    0.9702    0.8679    0.9357    0.7133   0.02104   0.03969         0
     12/99     29.2G   0.02237   0.05658         0   0.07896        90      1856    0.9177       0.8    0.8948     0.699   0.02265   0.04282         0
     13/99     29.2G   0.02218   0.05579         0   0.07797       102      1856    0.9012    0.8264    0.8985    0.6995   0.02105   0.04335         0
     14/99     29.2G   0.02177   0.05555         0   0.07732        57      1856    0.9267    0.8113    0.8967    0.7023   0.01986   0.04245         0
     15/99     29.2G   0.02167   0.05446         0   0.07613        51      1856    0.8223    0.8943    0.8996    0.6804   0.02178   0.04476         0
     16/99     29.2G    0.0215   0.05581         0   0.07731       103      1856    0.9059    0.8377    0.9104    0.7063    0.0218   0.04415         0
     17/99     29.2G   0.02147   0.05525         0   0.07672        62      1856    0.9353    0.8188     0.905    0.7089   0.02108   0.04238         0
     18/99     29.2G   0.02119   0.05472         0   0.07591        54      1856    0.8452    0.8868    0.9018    0.6928   0.02152   0.04307         0
     19/99     29.2G    0.0212   0.05402         0   0.07522       115      1856    0.8593    0.8075    0.8696     0.677   0.02381   0.04869         0
     20/99     29.2G   0.02079   0.05383         0   0.07462       109      1856    0.9044    0.8565    0.9085    0.7154   0.02127   0.04166         0
     21/99     29.2G   0.02088   0.05387         0   0.07475        44      1856     0.888    0.8377    0.8969    0.7062   0.02062   0.04335         0
     22/99     29.2G   0.02064   0.05343         0   0.07408        94      1856    0.8671    0.8377    0.8899    0.6925   0.02117   0.04771         0
     23/99     29.2G   0.02051   0.05288         0    0.0734        51      1856    0.9295    0.7962    0.8951    0.6996   0.02116   0.04345         0
     24/99     29.2G   0.02045   0.05294         0   0.07339        67      1856    0.9097    0.8377    0.9059    0.7242   0.01985   0.04075         0
     25/99     29.2G    0.0202   0.05304         0   0.07323         7      1856    0.8963    0.8528    0.9032     0.702   0.02153   0.04323         0
     26/99     29.2G   0.02011   0.05326         0   0.07337        71      1856    0.8538    0.8377    0.8712    0.6926   0.02178   0.04671         0
     27/99     29.2G   0.01999   0.05201         0     0.072        88      1856     0.872    0.8225    0.8789    0.6969   0.02205   0.04588         0
     28/99     29.2G   0.02002   0.05267         0   0.07268        30      1856    0.8871    0.8602    0.9117    0.7304   0.01978   0.04207         0
     29/99     29.2G   0.01964    0.0515         0   0.07113       124      1856    0.8655    0.8528    0.8869    0.7019   0.02108   0.04246         0
     30/99     29.2G   0.01971   0.05202         0   0.07173        38      1856    0.8575    0.8679    0.8954    0.7168   0.02076   0.04316         0
     31/99     29.2G   0.01951   0.05168         0   0.07118        75      1856    0.9004    0.8226    0.8749    0.6859   0.02046   0.04655         0
     32/99     29.2G   0.01941   0.05167         0   0.07108       134      1856    0.9196    0.8226    0.9011    0.6942   0.02149    0.0461         0
     33/99     29.2G   0.01941   0.05099         0    0.0704       250      1856    0.8854    0.8451    0.9008    0.7065   0.02039   0.04358         0
     34/99     29.2G   0.01928   0.05197         0   0.07125        93      1856    0.8886    0.8453    0.8935     0.696   0.02151   0.04583         0
     35/99     29.2G   0.01914   0.05183         0   0.07097       177      1856    0.9206    0.7887    0.8757    0.6909   0.02121   0.04825         0
     36/99     29.2G   0.01891    0.0516         0   0.07051        72      1856    0.8949    0.8037    0.8814    0.6927   0.02091   0.04668         0
     37/99     29.2G   0.01891   0.05003         0   0.06894        40      1856    0.8876    0.8639    0.8919    0.6959   0.02153   0.04633         0
     38/99     29.2G    0.0186   0.05132         0   0.06992        27      1856    0.8794    0.8264    0.8849    0.7043    0.0199   0.04408         0
     39/99     29.2G   0.01848   0.05085         0   0.06933        88      1856    0.8717    0.8462    0.8837    0.7002   0.02111    0.0457         0
     40/99     29.2G   0.01862   0.05042         0   0.06904       156      1856    0.8783    0.8189    0.8926    0.7114   0.01975   0.04366         0
     41/99     29.2G   0.01872    0.0502         0   0.06892        35      1856     0.888    0.8377    0.8887    0.7029   0.02069   0.04521         0
     42/99     29.2G   0.01848   0.05041         0    0.0689        50      1856    0.8959    0.8151    0.8765    0.6975   0.02053   0.04738         0
     43/99     29.2G   0.01835   0.04918         0   0.06753        76      1856    0.9202    0.8264    0.8971    0.7071   0.02014   0.04526         0
     44/99     29.2G   0.01828   0.05036         0   0.06865        70      1856    0.8956    0.8415    0.9026    0.7102   0.02034   0.04427         0
     45/99     29.2G   0.01809   0.04851         0    0.0666        78      1856     0.894     0.834    0.9005    0.7095   0.02023   0.04352         0
     46/99     29.2G   0.01802   0.04961         0   0.06762        95      1856    0.9033    0.8113    0.8854    0.6907    0.0218   0.04526         0
     47/99     29.2G   0.01797   0.04942         0    0.0674        56      1856    0.8906    0.8302     0.884    0.6948   0.02143   0.04637         0
     48/99     29.2G   0.01779   0.04907         0   0.06686       140      1856    0.9353    0.8189    0.8943    0.7138   0.02093   0.04541         0
     49/99     29.2G   0.01776   0.04891         0   0.06667        96      1856    0.9471    0.8113    0.9056    0.7064   0.02105   0.04576         0
     50/99     29.2G    0.0176   0.04814         0   0.06574       129      1856    0.9513     0.811    0.8992    0.7035   0.02067   0.04547         0
     51/99     29.2G   0.01744   0.04783         0   0.06527       124      1856    0.9179    0.8453     0.899     0.706    0.0208   0.04596         0
     52/99     29.2G   0.01738   0.04822         0    0.0656        36      1856    0.9245     0.834    0.9028    0.7159   0.02029   0.04575         0
     53/99     29.2G   0.01744   0.04737         0   0.06482        88      1856    0.8802    0.8604    0.8822    0.6932   0.02114   0.04629         0
     54/99     29.2G   0.01719   0.04778         0   0.06497        55      1856    0.9098    0.8377     0.886    0.7084   0.02062   0.04612         0
     55/99     29.2G   0.01698    0.0469         0   0.06388       164      1856    0.8841    0.8642    0.8868    0.6982   0.02113    0.0473         0
     56/99     29.2G   0.01705   0.04794         0   0.06499        76      1856     0.898    0.8641    0.8803    0.6998   0.02058    0.0465         0
     57/99     29.2G   0.01706   0.04806         0   0.06512        52      1856    0.9223    0.8566    0.8952    0.7083   0.02048   0.04572         0
     58/99     29.2G   0.01687   0.04765         0   0.06452       169      1856    0.9177    0.8413    0.8931    0.7118   0.02035   0.04617         0
     59/99     29.2G   0.01684   0.04701         0   0.06385        75      1856    0.9276    0.8226    0.8941    0.7034   0.02101   0.04692         0
     60/99     29.2G   0.01678   0.04645         0   0.06323        98      1856     0.917     0.834    0.8903    0.7075   0.02095   0.04705         0
     61/99     29.2G   0.01656   0.04537         0   0.06193       137      1856    0.9307     0.811    0.8902    0.7146   0.02047   0.04689         0
     62/99     29.2G   0.01656   0.04607         0   0.06264       111      1856    0.9388    0.8113    0.8931    0.7257   0.02054   0.04639         0
     63/99     29.2G   0.01645   0.04654         0   0.06299       281      1856    0.9365    0.8377    0.9021    0.7278   0.02041   0.04599         0
     64/99     29.2G   0.01637   0.04752         0   0.06389        90      1856    0.9322    0.8297     0.892    0.7169    0.0207   0.04683         0
     65/99     29.2G   0.01629   0.04576         0   0.06205        75      1856    0.9509    0.8037    0.8898    0.7125   0.02098   0.04779         0
     66/99     29.2G   0.01627   0.04577         0   0.06205       185      1856    0.8836    0.8604    0.8903    0.7131   0.02071   0.04693         0
     67/99     29.2G   0.01621    0.0454         0   0.06161       209      1856    0.9358    0.8264     0.885    0.7111   0.02044   0.04724         0
     68/99     29.2G   0.01606   0.04546         0   0.06152        50      1856    0.9409    0.8414    0.8934    0.7159   0.02025    0.0473         0
     69/99     29.2G   0.01602   0.04567         0   0.06168        96      1856    0.9565    0.8301    0.8908     0.708   0.02073   0.04803         0
     70/99     29.2G   0.01598   0.04514         0   0.06112        80      1856     0.912    0.8602    0.8892    0.7135   0.02096    0.0481         0
     71/99     29.2G   0.01584   0.04552         0   0.06135        32      1856     0.953    0.8414    0.8928    0.7145   0.02106   0.04855         0
     72/99     29.2G   0.01574   0.04466         0    0.0604       163      1856    0.9569    0.8377    0.8914    0.7137   0.02087   0.04893         0
     73/99     29.2G   0.01577   0.04527         0   0.06104       102      1856    0.9377    0.8527    0.8956    0.7157   0.02043   0.04895         0
     74/99     29.2G   0.01563   0.04414         0   0.05977        89      1856     0.953    0.8415    0.8985    0.7108    0.0205   0.04967         0
     75/99     29.2G   0.01552   0.04424         0   0.05976        84      1856    0.9305    0.8604    0.9007    0.7105    0.0205   0.04946         0
     76/99     29.2G   0.01544   0.04411         0   0.05955        77      1856     0.922    0.8491    0.8979    0.7153   0.02038   0.04983         0
     77/99     29.2G   0.01541   0.04404         0   0.05945       154      1856     0.938    0.8564    0.8987    0.7107   0.02021   0.04967         0
     78/99     29.2G   0.01541   0.04336         0   0.05876        69      1856    0.9412    0.8453    0.8949    0.7135   0.02021   0.04997         0
     79/99     29.2G   0.01529   0.04353         0   0.05882        60      1856    0.9526    0.8339    0.8949    0.7138   0.02031   0.05012         0
     80/99     29.2G   0.01523    0.0434         0   0.05863       130      1856    0.9568    0.8377    0.8962    0.7142   0.02034   0.05043         0
     81/99     29.2G   0.01493   0.04358         0   0.05851       117      1856    0.9647    0.8264    0.8933    0.7161   0.02051    0.0505         0
     82/99     29.2G   0.01494     0.043         0   0.05793       116      1856    0.9523    0.8302    0.8947    0.7175   0.02049   0.05063         0
     83/99     29.2G   0.01488   0.04336         0   0.05824        80      1856    0.9485    0.8339    0.8902    0.7078   0.02064   0.05086         0
     84/99     29.2G   0.01491   0.04386         0   0.05877       139      1856    0.9484     0.834    0.8914    0.7095   0.02077   0.05071         0
     85/99     29.2G   0.01484   0.04349         0   0.05833        52      1856    0.9524    0.8302    0.8909    0.7056   0.02088   0.05086         0
     86/99     29.2G   0.01466   0.04297         0   0.05763        64      1856    0.9404    0.8339    0.8866    0.7079   0.02096   0.05101         0
     87/99     29.2G   0.01468   0.04232         0   0.05699        50      1856    0.9358    0.8264     0.885    0.7072   0.02108   0.05157         0
     88/99     29.2G   0.01462   0.04331         0   0.05793        65      1856    0.9471    0.8113    0.8845    0.7036   0.02113   0.05199         0
     89/99     29.2G   0.01451    0.0421         0   0.05661       106      1856    0.9277    0.8264    0.8848    0.7028   0.02117   0.05247         0
     90/99     29.2G   0.01447   0.04204         0    0.0565        85      1856    0.9356    0.8226    0.8853    0.7053   0.02121   0.05281         0
     91/99     29.2G   0.01434   0.04238         0   0.05672        36      1856    0.9432    0.8151    0.8859    0.7033   0.02122   0.05296         0
     92/99     29.2G   0.01427   0.04191         0   0.05618        81      1856    0.8967    0.8528    0.8856    0.7034    0.0212   0.05302         0
     93/99     29.2G   0.01431   0.04178         0   0.05609        45      1856    0.9394    0.8189    0.8861    0.7026    0.0212   0.05321         0
     94/99     29.2G   0.01428   0.04096         0   0.05523        99      1856    0.9474    0.8151    0.8867    0.7052   0.02121   0.05331         0
     95/99     29.2G   0.01425   0.04165         0   0.05589       139      1856    0.9439    0.8264    0.8861     0.703   0.02118   0.05323         0
     96/99     29.2G   0.01419   0.04148         0   0.05566       161      1856     0.948    0.8264    0.8863     0.704   0.02115   0.05327         0
     97/99     29.2G   0.01413   0.04051         0   0.05464        72      1856    0.9324     0.834    0.8858    0.7041   0.02115   0.05341         0
     98/99     29.2G   0.01409   0.04137         0   0.05546        23      1856    0.9325     0.834    0.8856    0.7051   0.02119   0.05364         0
     99/99     29.2G   0.01413   0.04202         0   0.05614       108      1856     0.932     0.834    0.8853    0.7053   0.02123   0.05374         0
