      0/99     19.5G       nan    0.3025       nan       nan       108      1280   0.01643   0.07542    0.0102  0.001763   0.08936   0.09835    0.1161
      1/99       20G   0.07063    0.1044   0.06598     0.241       190      1280    0.9359    0.2213    0.3033    0.1095   0.06444   0.09114   0.04737
      2/99     20.2G   0.06546    0.1032   0.02919    0.1978        41      1280    0.6001    0.4397    0.4374    0.1641   0.05981   0.08938   0.03491
      3/99     20.2G   0.05997   0.09821   0.01662    0.1748        96      1280     0.567     0.599    0.5273    0.2236   0.05642   0.08364   0.02833
      4/99     20.2G   0.05588   0.09661    0.0126    0.1651       151      1280    0.6092    0.6213    0.5617    0.2422   0.05388   0.08344   0.02537
      5/99     20.3G   0.05357   0.09459   0.01093    0.1591       163      1280    0.6046    0.6395    0.5783     0.249   0.05207   0.08376   0.02462
      6/99     20.3G   0.05251   0.09374  0.009702    0.1559       103      1280    0.6243    0.6407    0.5953     0.256   0.05128    0.0835   0.02313
      7/99     20.3G   0.05171   0.09377  0.009135    0.1546       107      1280    0.6078    0.6585    0.5968    0.2574   0.05096   0.08308   0.02304
      8/99     20.4G   0.05116    0.0934  0.008609    0.1532       119      1280    0.6261    0.6656    0.6132    0.2635   0.05042   0.08223   0.02254
      9/99     20.4G    0.0507    0.0929  0.008303    0.1519       198      1280    0.6169    0.6896    0.6127    0.2652    0.0499   0.08222    0.0224
     10/99     20.4G   0.05021   0.09297  0.008032    0.1512       221      1280    0.6122      0.69    0.6127    0.2664   0.04957   0.08193   0.02208
     11/99     20.4G    0.0499   0.09184  0.007748    0.1495        93      1280     0.634     0.681    0.6242    0.2706   0.04932   0.08166   0.02213
     12/99     20.4G   0.04969   0.09106  0.007684    0.1484       119      1280    0.6405    0.6729    0.6189    0.2706   0.04896   0.08188   0.02226
     13/99     20.4G   0.04944   0.09265  0.007444    0.1495       113      1280    0.6234    0.6943    0.6227    0.2721    0.0489   0.08245     0.022
     14/99     20.4G   0.04903   0.09155  0.007298    0.1479       138      1280    0.6492    0.6811    0.6273    0.2749   0.04867   0.08193   0.02218
     15/99     20.4G   0.04897   0.09189  0.007183     0.148        86      1280    0.6433    0.7005    0.6343    0.2754   0.04851   0.08211   0.02188
     16/99     20.4G   0.04885   0.09076  0.007179    0.1468        78      1280    0.6446     0.694    0.6348    0.2776   0.04853   0.08188   0.02181
     17/99     20.4G   0.04854    0.0901  0.006955    0.1456        36      1280    0.6342    0.7039    0.6307    0.2781   0.04828   0.08246   0.02202
     18/99     20.4G   0.04837   0.09048  0.006876    0.1457       229      1280    0.6498    0.6999    0.6357    0.2799   0.04846    0.0821   0.02224
     19/99     20.4G   0.04832   0.09081  0.006854     0.146       112      1280    0.6438    0.6965    0.6368    0.2796   0.04808   0.08185   0.02216
     20/99     20.4G   0.04818   0.09065  0.006717    0.1455       135      1280    0.6569    0.6968     0.637      0.28   0.04802   0.08166   0.02223
     21/99     20.4G   0.04809   0.09043  0.006616    0.1451        79      1280    0.6656    0.6886     0.642    0.2811   0.04814   0.08163   0.02267
     22/99     20.4G   0.04798   0.09015  0.006528    0.1447        76      1280    0.6672    0.6863    0.6426    0.2814    0.0478   0.08167   0.02234
     23/99     20.4G   0.04782   0.08992  0.006487    0.1442       118      1280    0.6654    0.6944    0.6459    0.2843   0.04779   0.08178    0.0222
     24/99     20.4G   0.04759      0.09  0.006487    0.1441        51      1280    0.6677    0.6958    0.6446    0.2838   0.04757   0.08201   0.02222
     25/99     20.4G   0.04759   0.09015  0.006404    0.1441        43      1280    0.6569    0.7043    0.6436    0.2837   0.04777   0.08146   0.02247
     26/99     20.4G   0.04748   0.08949  0.006362    0.1433       253      1280    0.6655    0.6948     0.648    0.2866   0.04732   0.08185   0.02262
     27/99     20.4G   0.04741   0.09005  0.006294    0.1438       171      1280    0.6717    0.6908    0.6489    0.2862   0.04732   0.08176    0.0224
     28/99     20.4G   0.04735   0.08881  0.006298    0.1425       156      1280    0.6563    0.7113    0.6483    0.2858   0.04737   0.08223   0.02238
     29/99     20.4G   0.04724   0.08927  0.006218    0.1427       110      1280    0.6714    0.6943    0.6535    0.2885   0.04739   0.08149   0.02197
     30/99     20.4G   0.04713   0.08897  0.006174    0.1423       208      1280    0.6614    0.7048    0.6502    0.2884   0.04714   0.08165   0.02225
     31/99     20.4G   0.04709   0.09027  0.006129    0.1435       148      1280    0.6623     0.706     0.652    0.2889    0.0471    0.0815   0.02226
     32/99     20.5G   0.04698   0.08835  0.006173    0.1415       135      1280    0.6618    0.7085     0.651    0.2886   0.04716    0.0819   0.02266
     33/99     20.5G   0.04696   0.08884  0.006025    0.1418       188      1280    0.6597    0.7145    0.6519    0.2913   0.04686   0.08177   0.02245
     34/99     20.5G    0.0468   0.08885  0.006004    0.1417        85      1280    0.6853    0.6892    0.6559    0.2908   0.04692   0.08146   0.02281
     35/99     20.5G   0.04677   0.08908  0.005995    0.1419       200      1280    0.6728    0.7025    0.6558    0.2916   0.04697   0.08138    0.0223
     36/99     20.5G   0.04672   0.08857  0.005907    0.1412        50      1280    0.6681    0.7065    0.6536    0.2909   0.04679   0.08136   0.02277
     37/99     20.5G   0.04673   0.08919  0.005988    0.1419        44      1280    0.6785    0.6962    0.6579    0.2932   0.04678   0.08133   0.02258
     38/99     20.5G   0.04647   0.08806  0.005886    0.1404       214      1280    0.6672    0.7115    0.6559    0.2917   0.04685   0.08136   0.02282
     39/99     20.5G   0.04644   0.08792  0.005841    0.1402        88      1280    0.6666    0.7151    0.6572    0.2939   0.04664   0.08152   0.02256
     40/99     20.5G   0.04635   0.08951  0.005747    0.1416        93      1280    0.6723    0.7121    0.6589    0.2933   0.04673    0.0815   0.02274
     41/99     20.5G   0.04645   0.08852  0.005832    0.1408       120      1280    0.6812    0.7022    0.6605    0.2945   0.04655   0.08171   0.02264
     42/99     20.5G   0.04624   0.08789  0.005858      0.14       129      1280    0.6719    0.7188    0.6645    0.2959   0.04662   0.08159    0.0223
     43/99     20.5G   0.04623   0.08845  0.005766    0.1404        58      1280     0.679    0.7113    0.6616     0.296   0.04646   0.08104   0.02286
     44/99     20.5G   0.04624   0.08846  0.005775    0.1405       159      1280    0.6693    0.7234    0.6643     0.297   0.04647   0.08163   0.02274
     45/99     20.5G   0.04627   0.08678  0.005772    0.1388        66      1280    0.6642    0.7278    0.6634    0.2978   0.04649   0.08127   0.02256
     46/99     20.5G   0.04609   0.08809  0.005697    0.1399        71      1280    0.6858    0.7061    0.6657    0.2977    0.0463   0.08116   0.02269
     47/99     20.5G   0.04605   0.08839  0.005645    0.1401        65      1280    0.6821    0.7142    0.6666    0.2983   0.04626   0.08131   0.02271
     48/99     20.5G   0.04596   0.08829  0.005686    0.1399       104      1280    0.6876    0.7114    0.6692    0.3004   0.04619   0.08134   0.02279
     49/99     20.5G   0.04586    0.0882  0.005614    0.1397       126      1280    0.6902    0.7057    0.6679    0.3001   0.04623   0.08138   0.02282
     50/99     20.5G   0.04574     0.088  0.005539    0.1393       133      1280    0.6763    0.7224    0.6667    0.2997   0.04617   0.08137   0.02287
     51/99     20.5G   0.04582   0.08797  0.005626    0.1394        65      1280    0.6849    0.7161    0.6695    0.3012   0.04608   0.08153     0.023
     52/99     20.5G   0.04576   0.08819  0.005568    0.1395        60      1280    0.6812    0.7158    0.6688    0.3016   0.04612   0.08136   0.02292
     53/99     20.5G   0.04566    0.0876  0.005598    0.1389       148      1280    0.6877    0.7141      0.67    0.3015   0.04601   0.08117   0.02284
     54/99     20.5G   0.04565   0.08835  0.005547    0.1395        54      1280     0.693    0.7083    0.6731    0.3029   0.04601   0.08137    0.0228
     55/99     20.5G   0.04564   0.08808  0.005453    0.1392       125      1280     0.691    0.7105    0.6727    0.3027   0.04597   0.08142   0.02307
     56/99     20.5G       nan   0.08767       nan       nan       129      1280    0.6862    0.7192    0.6722    0.3037    0.0459   0.08143    0.0232
     57/99     20.5G   0.04545   0.08825  0.005425    0.1391        62      1280    0.6975    0.7086    0.6752    0.3041    0.0459   0.08136   0.02312
     58/99     20.5G   0.04549   0.08765  0.005412    0.1386       119      1280    0.6921    0.7213    0.6776    0.3058   0.04583   0.08136   0.02326
     59/99     20.5G   0.04533    0.0884  0.005366    0.1391       153      1280    0.7008    0.7109    0.6763    0.3054    0.0458   0.08125   0.02302
     60/99     20.5G    0.0454   0.08756  0.005476    0.1384       223      1280    0.6939     0.721    0.6777    0.3059   0.04576   0.08125   0.02314
     61/99     20.5G   0.04523   0.08738  0.005408     0.138       132      1280    0.6925    0.7217    0.6791    0.3075   0.04576   0.08135   0.02323
     62/99     20.5G   0.04525   0.08781  0.005328    0.1384       128      1280    0.6994    0.7143    0.6803    0.3081   0.04579   0.08101   0.02343
     63/99     20.5G   0.04523   0.08674  0.005405    0.1374        55      1280    0.6887    0.7295    0.6827    0.3089   0.04574   0.08091   0.02356
     64/99     20.5G       nan   0.08674       nan       nan       130      1280    0.6897    0.7275    0.6817    0.3095   0.04561   0.08083    0.0236
     65/99     20.5G   0.04512   0.08693  0.005292    0.1373       158      1280    0.6883    0.7328    0.6853    0.3105   0.04557   0.08069   0.02354
     66/99     20.5G   0.04508   0.08713  0.005246    0.1375       170      1280    0.7056    0.7145     0.686    0.3107   0.04554   0.08077   0.02361
     67/99     20.5G   0.04494   0.08739  0.005245    0.1376       132      1280    0.7143     0.711     0.687    0.3116   0.04554    0.0806   0.02336
     68/99     20.5G   0.04499   0.08736   0.00525    0.1376       150      1280    0.7072    0.7189    0.6868    0.3121   0.04542   0.08053   0.02328
     69/99     20.5G   0.04498   0.08664   0.00516    0.1368       115      1280    0.7008    0.7275    0.6884    0.3134   0.04535   0.08071   0.02343
     70/99     20.5G   0.04495   0.08696  0.005261    0.1372       126      1280    0.7146    0.7181    0.6892    0.3144   0.04529   0.08064   0.02349
     71/99     20.5G   0.04494    0.0866  0.005294    0.1368       102      1280    0.7199    0.7131    0.6921    0.3152   0.04525   0.08045   0.02353
     72/99     20.5G   0.04487   0.08747  0.005181    0.1375        94      1280    0.7156    0.7219    0.6945     0.316   0.04521   0.08046   0.02355
     73/99     20.5G   0.04479   0.08693  0.005194    0.1369       105      1280    0.7121    0.7233     0.695    0.3168   0.04518   0.08037   0.02351
     74/99     20.5G    0.0448   0.08632  0.005128    0.1362        56      1280    0.7162    0.7236     0.696    0.3183   0.04512   0.08039   0.02363
     75/99     20.5G   0.04475   0.08643  0.005143    0.1363       176      1280    0.7167    0.7229    0.6961    0.3188   0.04505   0.08027   0.02371
