      0/99       38G       nan    0.3479       nan       nan        43      1536   0.01839   0.08959   0.01011  0.002038   0.08818    0.1024    0.1147
      1/99     37.2G       nan    0.1155       nan       nan        31      1536    0.9459    0.2048    0.3075    0.1243   0.06527    0.1016   0.04428
      2/99     37.2G       nan     0.112       nan       nan        99      1536    0.4496    0.4538    0.4335    0.1835   0.06127   0.09951    0.0308
      3/99     37.2G       nan     0.106       nan       nan        72      1536    0.5411    0.6273    0.5316    0.2204   0.05625    0.0939   0.02409
      4/99     37.2G       nan    0.1042       nan       nan        98      1536    0.5806    0.6312    0.5609    0.2365   0.05399   0.09278   0.02208
      5/99     37.2G       nan    0.1008       nan       nan        26      1536    0.5937    0.6367    0.5792    0.2443    0.0526   0.09179   0.02101
      6/99     37.2G       nan    0.1021       nan       nan        82      1536    0.6162    0.6587    0.5955     0.255   0.05199   0.09145    0.0206
      7/99     37.2G       nan    0.1006       nan       nan       131      1536    0.5959      0.69    0.6017    0.2572   0.05111   0.09155   0.02078
      8/99     37.2G       nan    0.1009       nan       nan        29      1536     0.619      0.68    0.6107    0.2604   0.05129   0.09162   0.02041
      9/99     37.2G       nan   0.09993       nan       nan        85      1536    0.6075    0.6922     0.606    0.2614   0.05063   0.09185   0.02013
     10/99     37.2G       nan   0.09977       nan       nan        47      1536    0.6109    0.7044    0.6178    0.2657   0.05036   0.09133   0.02033
     11/99     37.2G       nan   0.09994       nan       nan        26      1536    0.6367    0.6783    0.6196     0.268   0.05023   0.09191   0.01994
     12/99     37.2G       nan   0.09839       nan       nan       142      1536    0.6284    0.6938    0.6219      0.27   0.04998   0.09205   0.02011
     13/99     37.2G       nan   0.09777       nan       nan       130      1536    0.6453    0.6761    0.6235    0.2723   0.04968   0.09205   0.02028
     14/99     37.2G       nan   0.09975       nan       nan        92      1536    0.6504    0.6874    0.6312    0.2736   0.04978   0.09272   0.02044
     15/99     37.2G       nan   0.09644       nan       nan        47      1536    0.6538    0.6839    0.6271    0.2746   0.04969   0.09194   0.02011
     16/99     37.2G       nan   0.09827       nan       nan        48      1536    0.6513    0.6883    0.6262    0.2743   0.04943   0.09219    0.0202
     17/99     37.2G       nan   0.09661       nan       nan        34      1536    0.6582    0.6924    0.6322    0.2777   0.04968     0.092   0.02016
     18/99     37.2G       nan   0.09824       nan       nan       147      1536    0.6682     0.687    0.6397    0.2801   0.04921   0.09223   0.02014
     19/99     37.2G       nan   0.09926       nan       nan        35      1536    0.6615    0.6931    0.6378    0.2801   0.04948   0.09248   0.02029
     20/99     37.2G       nan   0.09723       nan       nan        48      1536    0.6557    0.7018    0.6397    0.2805    0.0492   0.09188   0.02049
     21/99     37.2G   0.04797   0.09693  0.007014    0.1519       147      1536    0.6572    0.6906    0.6366    0.2809   0.04919   0.09128   0.02026
     22/99     37.2G       nan   0.09748       nan       nan        33      1536    0.6676    0.6874    0.6399    0.2818   0.04894   0.09159   0.02051
     23/99     37.2G       nan   0.09681       nan       nan        56      1536    0.6566    0.7047    0.6414     0.283   0.04888   0.09226   0.02047
     24/99     37.2G       nan    0.0963       nan       nan        80      1536    0.6756    0.6907    0.6456    0.2827   0.04903   0.09208   0.02002
     25/99     37.2G       nan   0.09615       nan       nan        66      1536    0.6672    0.6913    0.6419    0.2826   0.04895   0.09197   0.02029
     26/99     37.2G       nan    0.0965       nan       nan        59      1536    0.6614    0.7009    0.6404    0.2822   0.04878   0.09226   0.02012
     27/99     37.2G       nan   0.09574       nan       nan        76      1536    0.6555    0.7119    0.6404    0.2839   0.04894   0.09179   0.02045
     28/99     37.2G       nan   0.09677       nan       nan        61      1536    0.6642    0.6987    0.6421    0.2839   0.04865   0.09216   0.02011
     29/99     37.2G       nan   0.09563       nan       nan        82      1536    0.6759    0.6899    0.6444    0.2849   0.04868   0.09219   0.02022
     30/99     37.2G       nan   0.09595       nan       nan        84      1536    0.6694    0.7047    0.6495     0.288   0.04874    0.0917   0.02061
     31/99     37.2G       nan   0.09619       nan       nan        33      1536    0.6758     0.697     0.646    0.2872   0.04875    0.0918   0.02059
     32/99     37.2G       nan   0.09623       nan       nan        58      1536    0.6762     0.699    0.6501    0.2889   0.04862   0.09203   0.02087
     33/99     37.2G       nan   0.09532       nan       nan        93      1536    0.6739     0.703    0.6529    0.2896   0.04851   0.09221   0.02045
     34/99     37.2G       nan   0.09412       nan       nan       123      1536    0.6811    0.6962     0.653    0.2897   0.04813   0.09219   0.02078
     35/99     37.2G       nan   0.09687       nan       nan       102      1536    0.6722     0.708    0.6501    0.2895   0.04809   0.09274   0.02062
     36/99     37.2G       nan   0.09517       nan       nan        33      1536    0.6744    0.7049     0.651    0.2902    0.0483   0.09244   0.02076
     37/99     37.2G       nan   0.09679       nan       nan        99      1536    0.6707    0.7157    0.6541    0.2906   0.04827   0.09201   0.02069
     38/99     37.2G       nan   0.09549       nan       nan        96      1536    0.6774    0.7074    0.6533    0.2921   0.04814   0.09215   0.02047
     39/99     37.2G       nan   0.09594       nan       nan        75      1536    0.6823    0.7049     0.655    0.2915   0.04809   0.09244   0.02065
     40/99     37.2G       nan   0.09345       nan       nan       142      1536    0.6794    0.7096    0.6559    0.2935   0.04811   0.09227     0.021
     41/99     37.2G       nan   0.09652       nan       nan        55      1536    0.6822    0.7053    0.6566    0.2942   0.04826    0.0924     0.021
     42/99     37.2G       nan   0.09507       nan       nan        60      1536    0.6781    0.7116    0.6591    0.2942   0.04809   0.09188   0.02095
     43/99     37.2G       nan   0.09509       nan       nan        53      1536    0.6725    0.7154    0.6582    0.2939   0.04809   0.09207   0.02129
     44/99     37.2G       nan   0.09535       nan       nan        82      1536    0.6802     0.714    0.6606    0.2953    0.0479   0.09169   0.02073
     45/99     37.2G       nan   0.09506       nan       nan        95      1536     0.679    0.7139    0.6607    0.2951   0.04802    0.0921   0.02124
     46/99     37.2G       nan   0.09481       nan       nan       143      1536     0.692    0.7033    0.6616    0.2955   0.04788   0.09193   0.02125
     47/99     37.2G       nan   0.09496       nan       nan        95      1536    0.6871    0.7127    0.6618    0.2959   0.04783   0.09194   0.02117
     48/99     37.2G       nan   0.09311       nan       nan        26      1536     0.691    0.7045    0.6639    0.2977   0.04787   0.09181   0.02133
     49/99     37.2G       nan   0.09379       nan       nan       193      1536    0.6891     0.709    0.6635    0.2982   0.04779   0.09185   0.02119
     50/99     37.2G       nan   0.09404       nan       nan       122      1536    0.6957    0.7029    0.6636    0.2985    0.0478   0.09183   0.02135
     51/99     37.2G       nan   0.09444       nan       nan        74      1536    0.6801    0.7206    0.6656    0.2995   0.04768   0.09215   0.02148
     52/99     37.2G       nan   0.09396       nan       nan        88      1536    0.6893    0.7092    0.6642     0.299   0.04767   0.09193   0.02118
     53/99     37.2G       nan   0.09466       nan       nan        84      1536    0.6904    0.7149    0.6663    0.2997   0.04754   0.09172   0.02111
     54/99     37.2G       nan   0.09411       nan       nan       122      1536    0.7005    0.7065    0.6683    0.3003   0.04769   0.09171   0.02109
     55/99     37.2G       nan     0.094       nan       nan        93      1536    0.6912    0.7112    0.6687    0.3006   0.04776   0.09165    0.0213
     56/99     37.2G       nan   0.09439       nan       nan        94      1536    0.6917    0.7169    0.6712    0.3018    0.0477   0.09144   0.02127
     57/99     37.2G       nan   0.09568       nan       nan       241      1536    0.7054    0.7037    0.6723    0.3023   0.04758   0.09145   0.02151
     58/99     37.2G       nan   0.09338       nan       nan        83      1536    0.6952    0.7158     0.673    0.3013   0.04739   0.09152   0.02134
     59/99     37.2G       nan   0.09354       nan       nan        29      1536       0.7    0.7107    0.6738    0.3029   0.04743   0.09158    0.0216
     60/99     37.2G       nan   0.09425       nan       nan        70      1536    0.6948    0.7168    0.6752    0.3044   0.04748   0.09125    0.0216
     61/99     37.2G       nan   0.09339       nan       nan        21      1536    0.6883    0.7252    0.6763    0.3053   0.04743   0.09126   0.02155
     62/99     37.2G       nan   0.09296       nan       nan       118      1536    0.6917    0.7232    0.6773    0.3057   0.04731   0.09135   0.02163
     63/99     37.2G       nan   0.09375       nan       nan       100      1536    0.7005    0.7176    0.6787    0.3064   0.04731   0.09132   0.02159
     64/99     37.2G       nan    0.0942       nan       nan        49      1536    0.7016    0.7183    0.6783     0.307   0.04722   0.09117   0.02168
     65/99     37.2G       nan   0.09429       nan       nan        22      1536    0.6869    0.7282    0.6772    0.3077   0.04721   0.09129   0.02175
     66/99     37.2G       nan   0.09532       nan       nan        90      1536    0.7074    0.7187    0.6826    0.3092   0.04727   0.09107   0.02179
     67/99     37.2G       nan   0.09459       nan       nan        48      1536    0.7079    0.7185    0.6838      0.31   0.04717   0.09087   0.02166
     68/99     37.2G       nan   0.09308       nan       nan        75      1536    0.7126    0.7197    0.6866     0.311   0.04705   0.09091    0.0217
     69/99     37.2G       nan   0.09223       nan       nan        59      1536    0.7159    0.7159    0.6875    0.3124   0.04696   0.09087   0.02177
     70/99     37.2G       nan   0.09283       nan       nan        63      1536    0.7053    0.7273     0.687    0.3129   0.04701   0.09075   0.02182
     71/99     37.2G       nan   0.09113       nan       nan       104      1536    0.7056    0.7267    0.6881    0.3141   0.04693   0.09065   0.02185
     72/99     37.2G       nan   0.09136       nan       nan        38      1536    0.7097    0.7284    0.6922    0.3151    0.0468   0.09076   0.02184
     73/99     37.2G       nan   0.09404       nan       nan        27      1536    0.7046    0.7356     0.694    0.3166   0.04673   0.09088   0.02186
     74/99     37.2G       nan   0.09218       nan       nan        34      1536    0.7036    0.7386    0.6951     0.317   0.04673   0.09077   0.02187
     75/99     37.2G       nan   0.09406       nan       nan        38      1536    0.7145     0.734    0.6972    0.3174   0.04669   0.09063   0.02189
     76/99     37.2G       nan   0.09166       nan       nan        90      1536    0.7193    0.7297    0.6997    0.3196   0.04666   0.09048   0.02192
     77/99     37.2G       nan   0.09171       nan       nan        52      1536    0.7139    0.7376     0.702    0.3205    0.0466   0.09047   0.02186
     78/99     37.2G       nan   0.09368       nan       nan        49      1536    0.7109    0.7454    0.7056    0.3216   0.04651   0.09054    0.0218
     79/99     37.2G       nan   0.09337       nan       nan        74      1536    0.7183    0.7387    0.7076    0.3226    0.0464   0.09059   0.02179
     80/99     37.2G       nan   0.09313       nan       nan       134      1536    0.7144    0.7423    0.7066     0.324   0.04638   0.09039   0.02183
     81/99     37.2G       nan   0.09389       nan       nan        40      1536    0.7227    0.7354    0.7077    0.3252   0.04633   0.09021   0.02189
     82/99     37.2G       nan   0.09281       nan       nan        45      1536    0.7223    0.7408      0.71    0.3265   0.04625   0.08999   0.02189
     83/99     37.2G       nan   0.09218       nan       nan        19      1536    0.7296    0.7352    0.7126    0.3277   0.04618    0.0897   0.02183
     84/99     37.2G       nan   0.09225       nan       nan        86      1536    0.7121    0.7545     0.714    0.3295   0.04608   0.08967   0.02183
     85/99     37.2G       nan   0.09311       nan       nan        99      1536    0.7301    0.7372    0.7155    0.3311   0.04599   0.08966    0.0219
     86/99     37.2G       nan   0.09367       nan       nan        91      1536    0.7231    0.7455    0.7177    0.3323   0.04588   0.08963   0.02188
     87/99     37.2G       nan   0.09131       nan       nan        76      1536    0.7277    0.7427    0.7201    0.3338   0.04578   0.08959    0.0219
     88/99     37.2G       nan   0.09162       nan       nan        97      1536    0.7294    0.7422    0.7216    0.3351    0.0457   0.08944   0.02184
     89/99     37.2G       nan   0.09118       nan       nan        26      1536    0.7405    0.7351    0.7236    0.3368   0.04565   0.08932   0.02184
     90/99     37.2G       nan   0.09118       nan       nan       111      1536    0.7297    0.7533    0.7271    0.3385   0.04558   0.08922   0.02186
     91/99     37.2G       nan   0.09248       nan       nan        70      1536     0.732    0.7553    0.7287    0.3398   0.04554   0.08917   0.02193
     92/99     37.2G       nan   0.09142       nan       nan       103      1536    0.7421    0.7508    0.7324     0.342   0.04548   0.08916   0.02194
     93/99     37.2G       nan   0.09114       nan       nan       100      1536    0.7474    0.7466    0.7354    0.3439   0.04542   0.08906   0.02195
     94/99     37.2G       nan   0.09289       nan       nan        68      1536     0.747    0.7514     0.738    0.3457   0.04536   0.08891   0.02195
     95/99     37.2G       nan   0.09236       nan       nan        22      1536    0.7543    0.7477    0.7396    0.3476   0.04526   0.08876    0.0219
     96/99     37.2G       nan   0.09024       nan       nan        17      1536    0.7561    0.7496    0.7424     0.349   0.04518   0.08867   0.02186
     97/99     37.2G       nan   0.09159       nan       nan       101      1536    0.7634    0.7441    0.7448    0.3501    0.0451   0.08859   0.02188
     98/99     37.2G       nan   0.09092       nan       nan        60      1536    0.7626    0.7476    0.7467    0.3513   0.04503   0.08851   0.02191
     99/99     37.2G       nan   0.09155       nan       nan       155      1536    0.7586    0.7548    0.7486     0.353   0.04495   0.08842   0.02191
