      0/99     41.9G   0.04809   0.03073         0   0.07882        12      2560    0.4564    0.9189    0.8622    0.5134   0.02626   0.02356         0
      1/99     41.3G   0.03541   0.01936         0   0.05477         8      2560    0.6011    0.9227    0.9021    0.5852    0.0265    0.0205         0
      2/99     41.3G   0.03538   0.01792         0    0.0533        82      2560    0.5684    0.9337    0.9046    0.5711   0.02475   0.02018         0
      3/99     41.3G   0.03196   0.01736         0   0.04932        78      2560    0.6463    0.9276     0.914    0.6109   0.02211   0.01901         0
      4/99     41.3G   0.02832   0.01682         0   0.04514         9      2560    0.6714    0.9327    0.9231    0.6423   0.02049   0.01808         0
      5/99     41.3G   0.02657   0.01618         0   0.04275       102      2560    0.6443    0.9396     0.926     0.652   0.01974   0.01781         0
      6/99     41.3G   0.02561   0.01608         0    0.0417         5      2560    0.6613    0.9372    0.9262    0.6506   0.01989   0.01769         0
      7/99     41.3G   0.02497   0.01547         0   0.04044        79      2560    0.6667    0.9404    0.9315    0.6687   0.01887   0.01743         0
      8/99     41.3G   0.02443   0.01552         0   0.03994         7      2560    0.6634    0.9442    0.9327    0.6618    0.0191   0.01736         0
      9/99     41.3G   0.02437   0.01536         0   0.03973       120      2560    0.6716    0.9429    0.9329    0.6679   0.01858   0.01719         0
     10/99     41.3G   0.02376   0.01574         0   0.03949        77      2560    0.6555    0.9475    0.9346    0.6743   0.01825    0.0171         0
     11/99     41.3G   0.02377   0.01558         0   0.03935         2      2560    0.6974    0.9414    0.9351    0.6763   0.01815     0.017         0
     12/99     41.3G   0.02336   0.01506         0   0.03842        58      2560    0.7057     0.939    0.9332    0.6745   0.01807   0.01698         0
     13/99     41.3G   0.02278   0.01498         0   0.03776        86      2560    0.7243    0.9369    0.9339     0.678   0.01801   0.01678         0
     14/99     41.3G   0.02248   0.01486         0   0.03734       150      2560    0.7207    0.9405    0.9359    0.6809   0.01793   0.01667         0
     15/99     41.3G   0.02286   0.01504         0    0.0379       208      2560    0.7137    0.9384    0.9337    0.6779   0.01791   0.01674         0
     16/99     41.3G   0.02273   0.01509         0   0.03782         6      2560    0.7077     0.942    0.9361     0.682   0.01775   0.01672         0
     17/99     41.3G   0.02218   0.01437         0   0.03655        24      2560    0.7149    0.9391    0.9353    0.6788   0.01786   0.01655         0
     18/99     41.3G   0.02219   0.01468         0   0.03688        23      2560    0.7276    0.9356    0.9335     0.682   0.01771   0.01662         0
     19/99     41.3G    0.0219   0.01458         0   0.03648        52      2560    0.7275    0.9381    0.9368    0.6844   0.01758   0.01658         0
     20/99     41.3G   0.02212   0.01463         0   0.03675        28      2560    0.7259     0.939     0.937    0.6851   0.01758   0.01652         0
     21/99     41.3G    0.0219   0.01465         0   0.03656        13      2560    0.7308    0.9398    0.9376    0.6848   0.01753   0.01644         0
     22/99     41.3G   0.02162   0.01441         0   0.03602        38      2560    0.7292    0.9404    0.9375    0.6858   0.01751   0.01649         0
     23/99     41.3G   0.02129   0.01413         0   0.03542        22      2560     0.712    0.9471    0.9403    0.6896   0.01724    0.0163         0
     24/99     41.3G   0.02139   0.01432         0   0.03571        18      2560    0.7458    0.9365    0.9371    0.6872   0.01734    0.0164         0
     25/99     41.3G   0.02114   0.01393         0   0.03507        72      2560    0.7293    0.9428    0.9396    0.6885   0.01732   0.01631         0
     26/99     41.3G   0.02144   0.01448         0   0.03593        71      2560    0.7276    0.9423    0.9379    0.6886   0.01724   0.01637         0
     27/99     41.3G   0.02137   0.01425         0   0.03562       147      2560    0.7467    0.9414    0.9387    0.6894   0.01718   0.01633         0
     28/99     41.3G   0.02107   0.01409         0   0.03516        21      2560     0.744    0.9415    0.9401    0.6906   0.01718   0.01623         0
     29/99     41.3G   0.02109   0.01392         0   0.03501        61      2560    0.7551    0.9379    0.9386    0.6895   0.01718   0.01623         0
     30/99     41.3G   0.02071   0.01403         0   0.03474        70      2560    0.7402    0.9385     0.939    0.6908   0.01719   0.01619         0
     31/99     41.3G   0.02073   0.01394         0   0.03467        43      2560    0.7476    0.9405    0.9397    0.6916   0.01702   0.01612         0
     32/99     41.3G   0.02094   0.01386         0    0.0348        72      2560    0.7601    0.9337    0.9382    0.6919   0.01716   0.01621         0
     33/99     41.3G   0.02073   0.01397         0    0.0347        64      2560    0.7396    0.9436     0.942     0.694   0.01692    0.0161         0
     34/99     41.3G   0.02029   0.01381         0    0.0341        32      2560    0.7485    0.9405    0.9405    0.6925   0.01695    0.0162         0
     35/99     41.3G   0.02053   0.01358         0   0.03411        12      2560    0.7557    0.9362    0.9382    0.6898   0.01712   0.01624         0
     36/99     41.3G   0.02041   0.01355         0   0.03396        11      2560    0.7516    0.9408    0.9408    0.6934   0.01694   0.01608         0
     37/99     41.3G   0.02054   0.01386         0    0.0344        88      2560    0.7477    0.9413    0.9407    0.6948   0.01682   0.01608         0
     38/99     41.3G   0.02024   0.01331         0   0.03354        84      2560    0.7447    0.9425    0.9416    0.6946   0.01692   0.01612         0
     39/99     41.3G    0.0203    0.0137         0   0.03399        25      2560    0.7559    0.9413     0.942    0.6966   0.01687   0.01598         0
     40/99     41.3G   0.02031    0.0139         0    0.0342        47      2560    0.7448     0.945    0.9425     0.693   0.01695   0.01614         0
     41/99     41.3G   0.02031   0.01372         0   0.03403        70      2560    0.7663    0.9366    0.9402    0.6941   0.01691   0.01615         0
     42/99     41.3G   0.02005   0.01362         0   0.03367         5      2560    0.7496    0.9416    0.9411     0.696   0.01683   0.01606         0
     43/99     41.3G    0.0202   0.01402         0   0.03422        74      2560    0.7445    0.9424    0.9414    0.6967   0.01679   0.01609         0
     44/99     41.3G   0.02015    0.0138         0   0.03395       160      2560    0.7417    0.9439    0.9413    0.6967   0.01682   0.01608         0
     45/99     41.3G    0.0201   0.01371         0    0.0338       112      2560    0.7588     0.941    0.9423    0.6974    0.0167   0.01595         0
     46/99     41.3G   0.01977   0.01346         0   0.03323        51      2560    0.7671    0.9407     0.942    0.6968   0.01662   0.01594         0
     47/99     41.3G   0.01984   0.01389         0   0.03373        54      2560    0.7507     0.943    0.9422    0.6987   0.01658   0.01593         0
     48/99     41.3G   0.01975   0.01373         0   0.03348        65      2560    0.7579    0.9425    0.9419    0.6983   0.01662   0.01597         0
     49/99     41.3G    0.0196   0.01342         0   0.03303         2      2560    0.7743    0.9381    0.9409    0.6978   0.01666     0.016         0
     50/99     41.3G   0.01984   0.01324         0   0.03307        31      2560    0.7543    0.9441    0.9433    0.6996   0.01659   0.01589         0
     51/99     41.3G   0.01956   0.01344         0     0.033        72      2560    0.7722    0.9394    0.9422    0.6989   0.01654    0.0159         0
     52/99     41.3G   0.01928   0.01334         0   0.03262         2      2560    0.7711    0.9395    0.9427    0.7002   0.01647   0.01585         0
     53/99     41.3G   0.01929   0.01332         0   0.03261        24      2560    0.7704    0.9405     0.943    0.6992   0.01649   0.01586         0
     54/99     41.3G   0.01895   0.01285         0   0.03181        51      2560    0.7687    0.9419    0.9436    0.7011   0.01644   0.01583         0
     55/99     41.3G   0.01904   0.01295         0   0.03199       134      2560    0.7704    0.9404    0.9434    0.6997   0.01645   0.01589         0
     56/99     41.3G   0.01905   0.01314         0    0.0322        55      2560    0.7763    0.9403    0.9437    0.7012   0.01637   0.01581         0
     57/99     41.3G   0.01926   0.01305         0   0.03231        10      2560    0.7639    0.9415    0.9426    0.6996   0.01645    0.0159         0
     58/99     41.3G   0.01907   0.01311         0   0.03218        23      2560    0.7688    0.9421    0.9432    0.7013   0.01635   0.01584         0
     59/99     41.3G   0.01901   0.01323         0   0.03224       199      2560    0.7766    0.9396    0.9435    0.6999   0.01637   0.01582         0
     60/99     41.3G   0.01893   0.01296         0    0.0319        23      2560    0.7859    0.9371    0.9434    0.7027   0.01634   0.01579         0
     61/99     41.3G   0.01893   0.01333         0   0.03226         8      2560    0.7718    0.9424    0.9448    0.7026   0.01631    0.0158         0
     62/99     41.3G   0.01882    0.0131         0   0.03192        14      2560    0.7772    0.9412    0.9439    0.7029    0.0163   0.01581         0
     63/99     41.3G   0.01855    0.0126         0   0.03115        16      2560    0.7846     0.937    0.9425    0.7018   0.01635   0.01582         0
     64/99     41.3G    0.0188   0.01288         0   0.03168         6      2560     0.777    0.9383    0.9423    0.7009   0.01635   0.01584         0
     65/99     41.3G   0.01861   0.01293         0   0.03154        53      2560     0.769    0.9425    0.9438    0.7016   0.01627   0.01576         0
     66/99     41.3G   0.01836   0.01277         0   0.03113        31      2560    0.7744     0.942    0.9441     0.703   0.01624   0.01571         0
     67/99     41.3G   0.01849    0.0128         0   0.03129       175      2560     0.774    0.9417    0.9437    0.7028   0.01637   0.01576         0
     68/99     41.3G    0.0185   0.01257         0   0.03107        21      2560    0.7746    0.9422    0.9441    0.7031   0.01632   0.01575         0
     69/99     41.3G   0.01839   0.01271         0    0.0311        16      2560    0.7766    0.9428    0.9437    0.7022   0.01634   0.01575         0
     70/99     41.3G   0.01854    0.0132         0   0.03175        36      2560    0.7799    0.9406    0.9435    0.7026   0.01635   0.01577         0
     71/99     41.3G   0.01844   0.01264         0   0.03108        14      2560    0.7783    0.9393    0.9435    0.7031   0.01633    0.0158         0
     72/99     41.3G    0.0183   0.01257         0   0.03086        27      2560    0.7736    0.9411    0.9432    0.7039   0.01632   0.01575         0
     73/99     41.3G   0.01813   0.01258         0   0.03071        13      2560    0.7819    0.9412    0.9437    0.7032   0.01626   0.01577         0
     74/99     41.3G   0.01804   0.01239         0   0.03042        57      2560    0.7816    0.9411     0.944    0.7029   0.01626    0.0158         0
     75/99     41.3G     0.018   0.01231         0   0.03031         5      2560    0.7838    0.9397    0.9432     0.703   0.01627   0.01581         0
     76/99     41.3G   0.01801   0.01252         0   0.03052        13      2560    0.7856    0.9387    0.9431    0.7018   0.01624   0.01583         0
     77/99     41.3G   0.01778   0.01204         0   0.02982       118      2560    0.7827    0.9401     0.943    0.7015   0.01625   0.01584         0
     78/99     41.3G   0.01802   0.01253         0   0.03055        37      2560    0.7846      0.94    0.9429     0.703   0.01628    0.0158         0
     79/99     41.3G   0.01792   0.01245         0   0.03037        10      2560    0.7901    0.9387    0.9429    0.7022   0.01627   0.01582         0
     80/99     41.3G   0.01799    0.0125         0   0.03049        95      2560    0.7898    0.9381    0.9429    0.7025   0.01628    0.0158         0
     81/99     41.3G   0.01794    0.0125         0   0.03044        20      2560     0.794    0.9383    0.9434    0.7031   0.01626   0.01578         0
     82/99     41.3G    0.0176    0.0121         0   0.02971        82      2560    0.7915    0.9385    0.9437    0.7032   0.01621   0.01578         0
     83/99     41.3G   0.01777   0.01232         0   0.03009        98      2560    0.7923    0.9371    0.9435    0.7035    0.0162   0.01579         0
     84/99     41.3G   0.01761   0.01202         0   0.02963         8      2560    0.7916    0.9376    0.9433    0.7033   0.01622   0.01577         0
     85/99     41.3G   0.01749   0.01199         0   0.02948        30      2560    0.7931    0.9376    0.9435    0.7035   0.01622   0.01579         0
     86/99     41.3G   0.01745   0.01191         0   0.02936        12      2560    0.7926    0.9377    0.9434    0.7035   0.01624   0.01576         0
     87/99     41.3G   0.01754   0.01203         0   0.02957         7      2560    0.7937    0.9386    0.9434    0.7029   0.01627   0.01579         0
     88/99     41.3G   0.01733     0.012         0   0.02933        10      2560    0.7911    0.9388    0.9431    0.7032   0.01625   0.01579         0
     89/99     41.3G   0.01749   0.01188         0   0.02936        21      2560    0.7924    0.9397    0.9436    0.7033   0.01624   0.01582         0
     90/99     41.3G   0.01737   0.01197         0   0.02934        26      2560    0.7935    0.9391    0.9431    0.7025   0.01628   0.01584         0
     91/99     41.3G   0.01736   0.01194         0   0.02929         3      2560    0.7936    0.9383    0.9431    0.7018   0.01631   0.01587         0
     92/99     41.3G   0.01728   0.01209         0   0.02937        21      2560     0.792    0.9396    0.9429    0.7015    0.0163   0.01586         0
     93/99     41.3G   0.01731   0.01202         0   0.02933        11      2560    0.7891    0.9397    0.9434    0.7016   0.01631   0.01584         0
     94/99     41.3G   0.01722   0.01196         0   0.02918        27      2560     0.788    0.9404    0.9434    0.7017   0.01629   0.01583         0
     95/99     41.3G   0.01726   0.01176         0   0.02902        56      2560    0.7854    0.9403    0.9432    0.7011   0.01631   0.01584         0
     96/99     41.3G   0.01715   0.01201         0   0.02916        81      2560    0.7883    0.9401    0.9434     0.701    0.0163   0.01585         0
     97/99     41.3G    0.0172    0.0119         0   0.02909       244      2560    0.7871    0.9412    0.9436    0.7008    0.0163   0.01585         0
     98/99     41.3G   0.01701   0.01173         0   0.02874        94      2560    0.7915    0.9404    0.9434    0.7005    0.0163   0.01586         0
     99/99     41.3G   0.01717   0.01193         0    0.0291        31      2560    0.7921    0.9392    0.9431    0.7008   0.01631   0.01591         0
