      0/99     29.8G   0.05502   0.07044         0    0.1255        80      1856    0.8577     0.683    0.7892    0.5706   0.05273   0.05073         0
      1/99     29.2G   0.03446    0.0653         0   0.09975       124      1856    0.9513    0.8105     0.914    0.6747    0.0353   0.03702         0
      2/99     29.2G   0.02893   0.06462         0   0.09356       153      1856     0.957    0.8415    0.9377    0.7173   0.02861   0.03506         0
      3/99     29.2G   0.02635   0.06327         0   0.08961        92      1856    0.9588     0.883    0.9592    0.7434   0.02651   0.03238         0
      4/99     29.2G   0.02519   0.06228         0   0.08747        42      1856    0.9432    0.9395    0.9647    0.7601   0.02159   0.03223         0
      5/99     29.2G   0.02454   0.06056         0   0.08511        66      1856    0.9674    0.8981    0.9663    0.7838   0.01888   0.03044         0
      6/99     29.2G    0.0241    0.0582         0    0.0823        62      1856    0.9498    0.9321    0.9756      0.78   0.01828   0.02993         0
      7/99     29.2G   0.02377   0.05799         0   0.08175       135      1856    0.9921    0.9433    0.9812    0.7986    0.0177   0.02908         0
      8/99     29.2G   0.02348   0.05919         0   0.08267       127      1856    0.9883    0.9584    0.9868    0.8097   0.01626   0.02798         0
      9/99     29.2G   0.02295   0.05724         0    0.0802        50      1856    0.9804    0.9472    0.9808    0.8213   0.01533   0.02721         0
     10/99     29.2G   0.02279   0.05643         0   0.07922       112      1856    0.9423    0.9245    0.9728    0.8218    0.0147   0.02785         0
     11/99     29.2G   0.02251   0.05745         0   0.07996        82      1856     0.958    0.9509    0.9778    0.8209   0.01474   0.02794         0
     12/99     29.2G   0.02221   0.05601         0   0.07822        37      1856    0.9882    0.9547    0.9894    0.8236     0.015   0.02711         0
     13/99     29.2G   0.02217   0.05592         0   0.07809        23      1856    0.9698    0.9698    0.9891    0.8357   0.01368   0.02594         0
     14/99     29.2G   0.02177   0.05576         0   0.07753        81      1856    0.9885    0.9697    0.9878    0.8214    0.0151   0.02658         0
     15/99     29.2G    0.0217   0.05533         0   0.07703        17      1856    0.9811    0.9811    0.9932    0.8465   0.01331   0.02484         0
     16/99     29.2G   0.02162   0.05517         0   0.07679        75      1856     0.996    0.9547    0.9864     0.845   0.01293   0.02534         0
     17/99     29.2G   0.02144   0.05502         0   0.07647        11      1856    0.9874    0.9396    0.9897    0.8434   0.01336   0.02636         0
     18/99     29.2G   0.02139   0.05452         0   0.07591        63      1856    0.9841    0.9396    0.9882    0.8441   0.01305   0.02615         0
     19/99     29.2G    0.0212   0.05453         0   0.07573        76      1856    0.9885    0.9735    0.9943    0.8606   0.01229   0.02509         0
     20/99     29.2G   0.02071    0.0536         0   0.07431        57      1856     0.996    0.9508      0.99    0.8502   0.01244    0.0248         0
     21/99     29.2G   0.02084   0.05404         0   0.07489       216      1856    0.9811    0.9773    0.9939    0.8635   0.01199   0.02363         0
     22/99     29.2G   0.02051   0.05357         0   0.07408        20      1856    0.9922    0.9623    0.9923    0.8594   0.01194   0.02375         0
     23/99     29.2G   0.02047   0.05296         0   0.07343        90      1856    0.9924    0.9962    0.9955    0.8731   0.01157   0.02381         0
     24/99     29.2G   0.02043    0.0527         0   0.07313        85      1856    0.9887    0.9886    0.9953    0.8654   0.01195   0.02383         0
     25/99     29.2G   0.02032   0.05319         0   0.07351        63      1856    0.9849    0.9849    0.9943    0.8675   0.01188   0.02438         0
     26/99     29.2G   0.02016   0.05349         0   0.07365        88      1856    0.9961    0.9736    0.9944    0.8706   0.01137   0.02401         0
     27/99     29.2G   0.02025   0.05266         0   0.07291        65      1856    0.9887    0.9887    0.9947    0.8683   0.01138   0.02377         0
     28/99     29.2G   0.02003    0.0523         0   0.07233       115      1856     0.985    0.9924    0.9952    0.8791   0.01099    0.0236         0
     29/99     29.2G   0.01984   0.05276         0    0.0726        67      1856    0.9924    0.9849    0.9954    0.8757   0.01113   0.02352         0
     30/99     29.2G   0.01962   0.05186         0   0.07148        99      1856    0.9886    0.9849    0.9953    0.8822   0.01037   0.02212         0
     31/99     29.2G   0.01956   0.05255         0   0.07211        54      1856    0.9924    0.9887    0.9952    0.8785   0.01062   0.02355         0
     32/99     29.2G   0.01947   0.05164         0   0.07112        12      1856    0.9962    0.9925    0.9954    0.8827   0.01025   0.02221         0
     33/99     29.2G   0.01938   0.05119         0   0.07058       116      1856    0.9924    0.9849    0.9951    0.8813    0.0104   0.02281         0
     34/99     29.2G   0.01913   0.05122         0   0.07035        91      1856         1    0.9849    0.9957    0.8805   0.01064   0.02231         0
     35/99     29.2G   0.01911   0.05111         0   0.07022        50      1856    0.9924    0.9887     0.996    0.8894   0.01013   0.02242         0
     36/99     29.2G   0.01908   0.05094         0   0.07003       111      1856         1    0.9849    0.9958    0.8868  0.009934   0.02206         0
     37/99     29.2G   0.01893   0.05169         0   0.07063        48      1856    0.9962    0.9887    0.9961     0.894  0.009527   0.02225         0
     38/99     29.2G   0.01882   0.05022         0   0.06904        48      1856         1    0.9849    0.9948    0.8946  0.009943   0.02234         0
     39/99     29.2G   0.01862   0.05067         0   0.06929        84      1856         1    0.9925    0.9961     0.897  0.009393   0.02156         0
     40/99     29.2G   0.01862   0.04985         0   0.06848        21      1856         1    0.9887    0.9959    0.9011  0.009352   0.02216         0
     41/99     29.2G   0.01856   0.04947         0   0.06804        46      1856    0.9962    0.9925    0.9965    0.9015  0.009167    0.0217         0
     42/99     29.2G   0.01837    0.0492         0   0.06757       126      1856         1    0.9887    0.9967    0.8971  0.009322   0.02113         0
     43/99     29.2G    0.0182   0.04821         0    0.0664        22      1856    0.9962    0.9925     0.996    0.9016   0.00895   0.02141         0
     44/99     29.2G   0.01831    0.0498         0    0.0681       108      1856    0.9925    0.9924    0.9958    0.9064  0.008909   0.02117         0
     45/99     29.2G   0.01825   0.04961         0   0.06786       100      1856         1    0.9962    0.9967    0.9036  0.009199   0.02143         0
     46/99     29.2G   0.01796   0.04878         0   0.06674        55      1856    0.9888         1    0.9965    0.9066  0.008906   0.02106         0
     47/99     29.2G   0.01799   0.04939         0   0.06738        88      1856         1    0.9887    0.9965    0.9101   0.00866   0.02108         0
     48/99     29.2G   0.01784   0.04864         0   0.06648        60      1856    0.9925    0.9962    0.9971    0.9123  0.008102   0.02048         0
     49/99     29.2G   0.01761   0.04894         0   0.06655        78      1856    0.9962    0.9962    0.9964    0.9134  0.008319   0.02101         0
     50/99     29.2G   0.01753   0.04831         0   0.06584        75      1856         1    0.9962    0.9969    0.9081  0.008402   0.02091         0
     51/99     29.2G   0.01754   0.04839         0   0.06594        62      1856    0.9925         1    0.9964    0.9182  0.007915   0.02038         0
     52/99     29.2G   0.01741   0.04794         0   0.06535        26      1856         1         1    0.9965    0.9222  0.007823   0.02028         0
     53/99     29.2G   0.01727   0.04736         0   0.06463       199      1856    0.9962         1    0.9967    0.9219  0.007953   0.02069         0
     54/99     29.2G   0.01724   0.04835         0    0.0656       109      1856    0.9962    0.9962    0.9961    0.9186  0.007858   0.02097         0
     55/99     29.2G   0.01715   0.04742         0   0.06457        34      1856         1    0.9962    0.9964    0.9251  0.007467   0.02053         0
     56/99     29.2G   0.01724   0.04723         0   0.06447        32      1856         1         1     0.997    0.9224  0.007619   0.02042         0
     57/99     29.2G   0.01711   0.04733         0   0.06444        10      1856         1    0.9962    0.9968    0.9265  0.007412   0.02035         0
     58/99     29.2G   0.01703   0.04729         0   0.06431        57      1856         1    0.9962    0.9971    0.9298  0.007171   0.01998         0
     59/99     29.2G   0.01677   0.04672         0   0.06349        25      1856    0.9962         1    0.9968    0.9334  0.007209   0.01998         0
     60/99     29.2G   0.01672    0.0462         0   0.06292        24      1856         1         1    0.9968    0.9326  0.007167   0.02004         0
     61/99     29.2G   0.01671   0.04632         0   0.06303       129      1856         1         1    0.9971    0.9334  0.007127   0.02041         0
     62/99     29.2G   0.01665   0.04626         0    0.0629        71      1856         1         1    0.9974    0.9347  0.006983   0.02036         0
     63/99     29.2G   0.01643   0.04664         0   0.06307        65      1856         1         1    0.9971    0.9369  0.006824   0.02016         0
     64/99     29.2G   0.01633   0.04661         0   0.06294        77      1856         1         1     0.997    0.9366  0.007076   0.02053         0
     65/99     29.2G   0.01639   0.04585         0   0.06224        71      1856         1         1     0.997    0.9324  0.007282   0.02077         0
     66/99     29.2G   0.01622   0.04474         0   0.06097        10      1856         1         1    0.9972    0.9366   0.00717   0.02076         0
     67/99     29.2G   0.01604   0.04543         0   0.06146        53      1856         1         1    0.9971     0.936  0.006972   0.02078         0
     68/99     29.2G   0.01612   0.04552         0   0.06163        29      1856         1         1    0.9971    0.9364   0.00694   0.02085         0
     69/99     29.2G   0.01606   0.04532         0   0.06138        99      1856         1         1    0.9972    0.9343  0.006867   0.02084         0
     70/99     29.2G   0.01593   0.04655         0   0.06249        93      1856         1         1    0.9975    0.9377  0.006667   0.02066         0
     71/99     29.2G   0.01582   0.04564         0   0.06146        57      1856         1         1    0.9975    0.9405  0.006487   0.02047         0
     72/99     29.2G    0.0157   0.04441         0   0.06011       136      1856         1         1    0.9975    0.9418   0.00648   0.02037         0
     73/99     29.2G   0.01563   0.04493         0   0.06057       109      1856         1         1    0.9977    0.9446  0.006495   0.02048         0
     74/99     29.2G   0.01557   0.04453         0    0.0601        51      1856         1         1     0.998    0.9466  0.006418   0.02056         0
     75/99     29.2G   0.01556   0.04391         0   0.05947        88      1856    0.9962         1     0.998    0.9483  0.006291   0.02051         0
     76/99     29.2G   0.01547   0.04439         0   0.05985        50      1856         1         1    0.9981    0.9504  0.006205   0.02049         0
     77/99     29.2G   0.01532   0.04419         0   0.05951       115      1856         1         1    0.9979    0.9481  0.006182   0.02056         0
     78/99     29.2G   0.01522   0.04389         0   0.05911       101      1856         1         1     0.998    0.9489  0.006134   0.02051         0
     79/99     29.2G   0.01517   0.04399         0   0.05916       118      1856         1         1     0.998    0.9493  0.006148   0.02051         0
     80/99     29.2G   0.01506   0.04276         0   0.05782        70      1856         1         1     0.998    0.9512  0.006122   0.02051         0
     81/99     29.2G   0.01506   0.04344         0    0.0585        98      1856         1         1     0.998    0.9498  0.006131    0.0206         0
     82/99     29.2G   0.01503   0.04264         0   0.05767       108      1856         1         1    0.9979    0.9503  0.006108   0.02072         0
     83/99     29.2G   0.01483   0.04289         0   0.05772       117      1856         1         1     0.998    0.9516  0.006075   0.02075         0
     84/99     29.2G   0.01481   0.04277         0   0.05758       147      1856         1         1     0.998    0.9506  0.006046   0.02084         0
     85/99     29.2G   0.01475   0.04261         0   0.05736        39      1856         1         1     0.998    0.9517  0.006026   0.02091         0
     86/99     29.2G    0.0147   0.04324         0   0.05794       165      1856         1         1    0.9981    0.9501  0.005977   0.02094         0
     87/99     29.2G   0.01459   0.04244         0   0.05703        86      1856         1         1     0.998    0.9504  0.005942   0.02093         0
     88/99     29.2G   0.01457   0.04237         0   0.05695       120      1856         1         1    0.9981    0.9511   0.00591   0.02087         0
     89/99     29.2G   0.01446   0.04246         0   0.05692       206      1856         1         1    0.9981    0.9538  0.005865   0.02085         0
     90/99     29.2G   0.01444   0.04211         0   0.05655       131      1856         1         1     0.998    0.9541  0.005834   0.02089         0
     91/99     29.2G   0.01441    0.0422         0   0.05661        61      1856         1         1     0.998    0.9516  0.005805    0.0209         0
     92/99     29.2G   0.01425   0.04145         0    0.0557       122      1856         1         1     0.998    0.9513  0.005779   0.02088         0
     93/99     29.2G   0.01426   0.04145         0   0.05571        66      1856         1         1     0.998    0.9522  0.005724   0.02091         0
     94/99     29.2G   0.01434   0.04091         0   0.05525        42      1856         1         1     0.998    0.9562  0.005686   0.02089         0
     95/99     29.2G   0.01423   0.04242         0   0.05665        50      1856         1         1     0.998     0.955  0.005655   0.02089         0
     96/99     29.2G   0.01412   0.04129         0   0.05541        52      1856         1         1    0.9981    0.9538  0.005633    0.0209         0
     97/99     29.2G   0.01404   0.04093         0   0.05497        36      1856         1         1    0.9981     0.955  0.005609   0.02091         0
     98/99     29.2G   0.01401   0.04096         0   0.05497        52      1856         1         1    0.9981    0.9552  0.005588   0.02091         0
     99/99     29.2G   0.01408   0.04193         0   0.05601        90      1856         1         1    0.9981    0.9574  0.005562   0.02088         0
