      0/99     19.5G       nan    0.3025       nan       nan       108      1280   0.01643   0.07542    0.0102  0.001763   0.08936   0.09835    0.1161
      1/99       20G   0.07063    0.1044   0.06598     0.241       190      1280    0.9359    0.2213    0.3033    0.1095   0.06444   0.09114   0.04737
      2/99     20.2G   0.06546    0.1032   0.02919    0.1978        41      1280    0.6001    0.4397    0.4374    0.1641   0.05981   0.08938   0.03491
      3/99     20.2G   0.05997   0.09821   0.01662    0.1748        96      1280     0.567     0.599    0.5273    0.2236   0.05642   0.08364   0.02833
      4/99     20.2G   0.05588   0.09661    0.0126    0.1651       151      1280    0.6092    0.6213    0.5617    0.2422   0.05388   0.08344   0.02537
      5/99     20.3G   0.05357   0.09459   0.01093    0.1591       163      1280    0.6046    0.6395    0.5783     0.249   0.05207   0.08376   0.02462
      6/99     20.3G   0.05251   0.09374  0.009702    0.1559       103      1280    0.6243    0.6407    0.5953     0.256   0.05128    0.0835   0.02313
      7/99     20.3G   0.05171   0.09377  0.009135    0.1546       107      1280    0.6078    0.6585    0.5968    0.2574   0.05096   0.08308   0.02304
      8/99     20.4G   0.05116    0.0934  0.008609    0.1532       119      1280    0.6261    0.6656    0.6132    0.2635   0.05042   0.08223   0.02254
      9/99     20.4G    0.0507    0.0929  0.008303    0.1519       198      1280    0.6169    0.6896    0.6127    0.2652    0.0499   0.08222    0.0224
     10/99     20.4G   0.05021   0.09297  0.008032    0.1512       221      1280    0.6122      0.69    0.6127    0.2664   0.04957   0.08193   0.02208
     11/99     20.4G    0.0499   0.09184  0.007748    0.1495        93      1280     0.634     0.681    0.6242    0.2706   0.04932   0.08166   0.02213
     12/99     20.4G   0.04969   0.09106  0.007684    0.1484       119      1280    0.6405    0.6729    0.6189    0.2706   0.04896   0.08188   0.02226
     13/99     20.4G   0.04944   0.09265  0.007444    0.1495       113      1280    0.6234    0.6943    0.6227    0.2721    0.0489   0.08245     0.022
     14/99     20.4G   0.04903   0.09155  0.007298    0.1479       138      1280    0.6492    0.6811    0.6273    0.2749   0.04867   0.08193   0.02218
     15/99     20.4G   0.04897   0.09189  0.007183     0.148        86      1280    0.6433    0.7005    0.6343    0.2754   0.04851   0.08211   0.02188
     16/99     20.4G   0.04885   0.09076  0.007179    0.1468        78      1280    0.6446     0.694    0.6348    0.2776   0.04853   0.08188   0.02181
     17/99     20.4G   0.04854    0.0901  0.006955    0.1456        36      1280    0.6342    0.7039    0.6307    0.2781   0.04828   0.08246   0.02202
     18/99     20.4G   0.04837   0.09048  0.006876    0.1457       229      1280    0.6498    0.6999    0.6357    0.2799   0.04846    0.0821   0.02224
     19/99     20.4G   0.04832   0.09081  0.006854     0.146       112      1280    0.6438    0.6965    0.6368    0.2796   0.04808   0.08185   0.02216
     20/99     20.4G   0.04818   0.09065  0.006717    0.1455       135      1280    0.6569    0.6968     0.637      0.28   0.04802   0.08166   0.02223
     21/99     20.4G   0.04809   0.09043  0.006616    0.1451        79      1280    0.6656    0.6886     0.642    0.2811   0.04814   0.08163   0.02267
     22/99     20.4G   0.04798   0.09015  0.006528    0.1447        76      1280    0.6672    0.6863    0.6426    0.2814    0.0478   0.08167   0.02234
     23/99     20.4G   0.04782   0.08992  0.006487    0.1442       118      1280    0.6654    0.6944    0.6459    0.2843   0.04779   0.08178    0.0222
     93/99     20.5G   0.04427   0.08618  0.004951    0.1354       114      1280    0.7445    0.7407    0.7298    0.3386   0.04409   0.07912   0.02377
     94/99     20.5G       nan   0.08513       nan       nan       117      1280    0.7498    0.7396    0.7308    0.3402   0.04403   0.07905    0.0238
     95/99     20.5G   0.04408   0.08552   0.00495    0.1345       181      1280    0.7526    0.7381    0.7322    0.3416   0.04396   0.07899   0.02382
     96/99     20.5G   0.04409   0.08536  0.005042    0.1345       130      1280    0.7507    0.7439    0.7341     0.343    0.0439   0.07893   0.02384
     97/99     20.5G   0.04404   0.08554  0.004961    0.1345       162      1280    0.7546    0.7415    0.7355    0.3445   0.04385   0.07882   0.02383
     98/99     20.5G       nan   0.08587       nan       nan        84      1280    0.7611    0.7381    0.7381    0.3459    0.0438   0.07875   0.02386
     99/99     20.5G   0.04419   0.08565  0.004987    0.1348        78      1280    0.7632    0.7378    0.7389    0.3475   0.04376   0.07866   0.02388
