      0/29     34.1G   0.01806    0.0113         0   0.02936        34      1536    0.6558    0.8845    0.8986    0.7011   0.01911   0.01497         0
      1/29     33.6G   0.01478  0.008409         0   0.02318        40      1536    0.7439    0.9094    0.9173    0.7137   0.01808   0.01399         0
      2/29     33.6G   0.01401  0.007374         0   0.02138        25      1536    0.7473    0.9472    0.9518    0.7533   0.01541   0.01206         0
      3/29     33.6G   0.01348  0.007071         0   0.02056        21      1536    0.7568    0.9208    0.9318    0.7454   0.01907   0.01245         0
      4/29     33.6G   0.01332  0.006265         0   0.01959        31      1536    0.8041    0.9132    0.9405    0.7623    0.0169    0.0125         0
      5/29     33.6G   0.01371  0.006063         0   0.01978        23      1536    0.7743    0.9132    0.9364    0.7515   0.01694   0.01233         0
      6/29     33.6G   0.01443  0.006614         0   0.02104        22      1536    0.8888    0.9208     0.949    0.7567   0.01717   0.01246         0
      7/29     33.6G   0.01344  0.006491         0   0.01993        25      1536    0.8455    0.9283    0.9469     0.757   0.01746   0.01202         0
      8/29     33.6G   0.01414  0.006536         0   0.02067        46      1536    0.8608    0.9547    0.9797    0.7881   0.01387   0.01012         0
      9/29     33.6G   0.01479  0.006282         0   0.02108        21      1536    0.8319    0.9709     0.977    0.8014   0.01481   0.00987         0
     10/29     33.6G   0.01436  0.006633         0   0.02099        22      1536    0.9538    0.9585    0.9758    0.7942   0.01395  0.009612         0
     11/29     33.6G   0.01529  0.006566         0   0.02186        33      1536    0.9028    0.9736    0.9874    0.8012    0.0139  0.009555         0
     12/29     33.6G    0.0157  0.006677         0   0.02238        17      1536    0.8126     0.966    0.9786    0.7372   0.01717    0.0105         0
     13/29     33.6G    0.0178  0.006979         0   0.02478        31      1536    0.8235    0.9358    0.9517    0.7286   0.01849   0.01246         0
     14/29     33.6G    0.0162  0.006336         0   0.02254        28      1536    0.7132     0.966    0.9588    0.7413   0.01724   0.01221         0
     15/29     33.6G   0.01654   0.00677         0   0.02331        22      1536      0.79    0.8151    0.8534    0.6376   0.02504   0.01681         0
     16/29     33.6G   0.01582  0.006438         0   0.02226        28      1536    0.8333    0.9547    0.9614    0.7498   0.01612   0.01131         0
     17/29     33.6G   0.01484  0.006454         0    0.0213        23      1536     0.858    0.9623     0.974     0.765   0.01585   0.01034         0
     18/29     33.6G   0.01599  0.006851         0   0.02284        23      1536    0.8765    0.9509    0.9721    0.8007   0.01382   0.01079         0
     19/29     33.6G   0.01361  0.006196         0   0.01981        21      1536    0.8813    0.9698    0.9802    0.7982   0.01319  0.009532         0
     20/29     33.6G   0.01435  0.006251         0    0.0206         7      1536    0.8421    0.9736    0.9802    0.8001   0.01316  0.009596         0
     21/29     33.6G     0.013   0.00622         0   0.01922        16      1536     0.887    0.9585    0.9752    0.8026   0.01326    0.0105         0
     22/29     33.6G   0.01268  0.005659         0   0.01834        20      1536    0.8727    0.9849     0.987    0.8511   0.01063   0.00854         0
     23/29     33.6G   0.01122  0.005211         0   0.01643        23      1536    0.8743    0.9849    0.9897    0.8543   0.01029  0.008089         0
     24/29     33.6G   0.01156  0.005675         0   0.01723        34      1536    0.8847    0.9846    0.9897    0.8612   0.01011  0.007648         0
     25/29     33.6G   0.01038  0.005261         0   0.01564        45      1536    0.9475    0.9887    0.9932    0.8674  0.009775   0.00733         0
     26/29     33.6G   0.01011  0.004988         0    0.0151        37      1536    0.9454    0.9849     0.993     0.871  0.009834  0.007502         0
     27/29     33.6G   0.01021  0.005554         0   0.01577        33      1536    0.9458    0.9849     0.994    0.8768  0.009452  0.007328         0
     28/29     33.6G   0.01032  0.005171         0   0.01549        51      1536    0.8885    0.9925    0.9943    0.8851  0.008839  0.007052         0
     29/29     33.6G   0.01042  0.004966         0   0.01539        14      1536    0.8954    0.9811    0.9904    0.8762  0.009436  0.007523         0
