     0/199       33G   0.05292   0.03399         0   0.08691        64      2176    0.4655    0.9097    0.8536    0.4931   0.02995   0.02718         0
     1/199       35G   0.03933   0.02214         0   0.06147       230      2176    0.5262    0.9251    0.8961    0.5546   0.02782   0.02449         0
     2/199       35G   0.03926   0.02153         0   0.06079        82      2176    0.6206    0.9195    0.9018      0.57   0.02705   0.02369         0
     3/199       35G   0.03549   0.02056         0   0.05605       146      2176     0.647    0.9247    0.9131    0.6053   0.02463   0.02248         0
     4/199       35G   0.03158   0.01948         0   0.05106        73      2176    0.6368    0.9327    0.9188    0.6325   0.02238   0.02174         0
     5/199       35G   0.02943   0.01884         0   0.04827        56      2176    0.6514    0.9299    0.9173    0.6387   0.02076    0.0213         0
     6/199       35G   0.02867   0.01869         0   0.04737        26      2176    0.6443    0.9359    0.9239    0.6564   0.01972   0.02075         0
     7/199       35G   0.02766   0.01829         0   0.04595        80      2176    0.6785    0.9309    0.9242    0.6575   0.01987   0.02074         0
     8/199       35G   0.02719   0.01809         0   0.04527       230      2176    0.6933    0.9315    0.9255    0.6619   0.01951   0.02043         0
     9/199       35G   0.02677   0.01831         0   0.04508        88      2176    0.6753    0.9351    0.9257    0.6637   0.01943   0.02047         0
    10/199       35G   0.02655   0.01828         0   0.04483        63      2176    0.6709    0.9383    0.9284    0.6625   0.01944   0.02026         0
    11/199       35G   0.02592   0.01789         0    0.0438       122      2176    0.6814    0.9376    0.9275    0.6625    0.0194   0.02037         0
    12/199       35G   0.02574    0.0182         0   0.04394        13      2176     0.703    0.9333     0.928    0.6698   0.01899      0.02         0
    13/199       35G   0.02543   0.01779         0   0.04322        43      2176    0.7321    0.9273    0.9275    0.6645   0.01904    0.0201         0
    14/199       35G   0.02551   0.01733         0   0.04285        20      2176    0.7097    0.9334    0.9297    0.6713   0.01886   0.02003         0
    15/199       35G   0.02532   0.01765         0   0.04296        59      2176    0.7079    0.9376    0.9316     0.672   0.01868   0.01973         0
    16/199       35G   0.02498   0.01736         0   0.04234       118      2176    0.7009    0.9344    0.9297    0.6701   0.01886   0.02021         0
    17/199       35G   0.02494   0.01772         0   0.04267       158      2176    0.6926    0.9406    0.9315    0.6714   0.01872    0.0198         0
    18/199       35G   0.02533   0.01785         0   0.04318        30      2176    0.7016    0.9382    0.9331     0.678   0.01853   0.01965         0
    19/199       35G   0.02458   0.01712         0    0.0417        91      2176    0.7098    0.9343    0.9308    0.6743   0.01872   0.01972         0
    20/199       35G     0.025   0.01746         0   0.04245        95      2176    0.7221    0.9344    0.9338    0.6789   0.01837   0.01959         0
    21/199       35G   0.02441   0.01692         0   0.04133       107      2176    0.7176    0.9367    0.9313    0.6757   0.01839   0.01967         0
    22/199       35G    0.0245     0.017         0    0.0415       188      2176    0.7088    0.9384    0.9325    0.6783   0.01835   0.01945         0
    23/199       35G   0.02472   0.01734         0   0.04207       112      2176    0.7204    0.9354    0.9331     0.679   0.01817   0.01942         0
    24/199       35G   0.02419     0.017         0   0.04119       149      2176    0.7177    0.9396    0.9362    0.6787   0.01806   0.01938         0
    25/199       35G   0.02454   0.01743         0   0.04197        74      2176    0.7149    0.9415    0.9348    0.6791   0.01813   0.01943         0
    26/199       35G   0.02407   0.01733         0   0.04141        22      2176    0.7233    0.9394    0.9342    0.6785   0.01834   0.01945         0
    27/199       35G   0.02388   0.01676         0   0.04065        53      2176    0.7415    0.9315    0.9349    0.6805   0.01808   0.01936         0
    28/199       35G     0.024   0.01703         0   0.04103        92      2176    0.7321    0.9371    0.9349    0.6824   0.01806   0.01925         0
    29/199       35G   0.02362   0.01661         0   0.04023        80      2176    0.7305    0.9398     0.937    0.6828   0.01797   0.01927         0
    30/199       35G   0.02394   0.01692         0   0.04086       146      2176    0.7261     0.938     0.934    0.6817   0.01798   0.01935         0
    31/199       35G   0.02337   0.01644         0    0.0398        50      2176    0.7436    0.9325    0.9331    0.6824   0.01808   0.01926         0
    32/199       35G    0.0236   0.01671         0   0.04031        65      2176    0.7261    0.9428    0.9378     0.685   0.01775   0.01914         0
    33/199       35G   0.02374   0.01665         0   0.04038        51      2176    0.7049    0.9412    0.9346    0.6823    0.0179   0.01927         0
    34/199       35G   0.02379   0.01696         0   0.04075        73      2176    0.7223    0.9383    0.9355    0.6791   0.01821   0.01948         0
    35/199       35G   0.02372   0.01673         0   0.04045        81      2176    0.7157    0.9425    0.9376    0.6839   0.01799   0.01922         0
    36/199       35G   0.02369   0.01682         0    0.0405        25      2176    0.7456    0.9353    0.9372    0.6866   0.01759   0.01908         0
    37/199       35G   0.02329   0.01659         0   0.03987       250      2176     0.721    0.9403    0.9373    0.6853   0.01771   0.01916         0
    38/199       35G   0.02367   0.01668         0   0.04035       185      2176    0.7229    0.9423    0.9372    0.6869    0.0177   0.01908         0
    39/199       35G   0.02368   0.01692         0    0.0406        53      2176    0.7336     0.938    0.9366    0.6886   0.01759     0.019         0
    40/199       35G   0.02367    0.0172         0   0.04087       155      2176    0.7281    0.9407    0.9377    0.6875   0.01752   0.01906         0
    41/199       35G   0.02338   0.01685         0   0.04023        93      2176     0.744    0.9364    0.9376    0.6883   0.01766   0.01901         0
    42/199       35G    0.0233   0.01622         0   0.03952       111      2176    0.7375     0.942    0.9392    0.6895   0.01758   0.01891         0
    43/199       35G   0.02294   0.01629         0   0.03923       190      2176    0.7282    0.9429    0.9385    0.6897   0.01753   0.01893         0
    44/199       35G   0.02265   0.01643         0   0.03908        94      2176    0.7423    0.9397    0.9393    0.6904   0.01745   0.01886         0
    45/199       35G   0.02296   0.01608         0   0.03904       182      2176    0.7492    0.9385    0.9391    0.6886    0.0176   0.01898         0
    46/199       35G   0.02275   0.01634         0   0.03909        70      2176    0.7455    0.9384    0.9388    0.6898    0.0175   0.01893         0
    47/199       35G   0.02296   0.01643         0   0.03938       224      2176    0.7477    0.9384    0.9394    0.6904   0.01741   0.01883         0
    48/199       35G   0.02302   0.01625         0   0.03927        49      2176    0.7412    0.9403    0.9385      0.69   0.01735    0.0189         0
    49/199       35G   0.02294   0.01629         0   0.03923        75      2176    0.7528    0.9381     0.939    0.6912   0.01725    0.0188         0
    50/199       35G   0.02269   0.01627         0   0.03896        56      2176    0.7384    0.9403    0.9401    0.6933   0.01729   0.01884         0
    51/199       35G   0.02274   0.01624         0   0.03898        71      2176    0.7524    0.9391    0.9398    0.6927   0.01719   0.01881         0
    52/199       35G   0.02251   0.01566         0   0.03817       113      2176     0.747      0.94    0.9394    0.6913   0.01725   0.01877         0
    53/199       35G   0.02296   0.01633         0   0.03928       152      2176    0.7524     0.938    0.9397    0.6935   0.01726   0.01872         0
    54/199       35G   0.02271   0.01632         0   0.03902        87      2176    0.7476    0.9393    0.9397    0.6936   0.01722   0.01879         0
    55/199       35G   0.02251   0.01624         0   0.03875       124      2176    0.7363     0.944    0.9415    0.6946   0.01712    0.0187         0
    56/199       35G   0.02244   0.01616         0    0.0386       138      2176    0.7471    0.9408    0.9405    0.6947   0.01701    0.0187         0
    57/199       35G   0.02282   0.01621         0   0.03903       264      2176     0.747    0.9416    0.9407     0.693   0.01713   0.01867         0
    58/199       35G   0.02273   0.01612         0   0.03885       139      2176    0.7336     0.946    0.9408    0.6938   0.01727   0.01877         0
    59/199       35G   0.02255   0.01623         0   0.03878        46      2176    0.7458     0.942    0.9408    0.6948   0.01705   0.01867         0
    60/199       35G   0.02239    0.0162         0   0.03859        98      2176    0.7536    0.9405    0.9415    0.6959     0.017   0.01864         0
    61/199       35G   0.02234   0.01582         0   0.03816       181      2176    0.7495    0.9415    0.9413    0.6955   0.01707   0.01862         0
    62/199       35G   0.02216   0.01594         0    0.0381        18      2176    0.7579    0.9387    0.9408    0.6953   0.01705    0.0186         0
    63/199       35G    0.0226    0.0163         0    0.0389       227      2176    0.7488    0.9408     0.941    0.6963   0.01701   0.01855         0
    64/199       35G   0.02227   0.01582         0   0.03809        75      2176     0.755    0.9414    0.9417    0.6963   0.01693   0.01854         0
    65/199       35G   0.02229   0.01592         0   0.03821       101      2176    0.7533    0.9427    0.9422     0.697   0.01689    0.0186         0
    66/199       35G   0.02226   0.01599         0   0.03824       222      2176    0.7542    0.9418    0.9411    0.6967   0.01698   0.01861         0
    67/199       35G   0.02234   0.01602         0   0.03835        44      2176    0.7521    0.9413    0.9412    0.6969   0.01694   0.01853         0
    68/199       35G   0.02207   0.01593         0     0.038       109      2176    0.7506    0.9418    0.9413    0.6972   0.01689   0.01847         0
    69/199       35G   0.02207   0.01591         0   0.03798        92      2176    0.7515    0.9424    0.9423    0.6992   0.01684   0.01845         0
    70/199       35G   0.02229   0.01595         0   0.03824        80      2176     0.753    0.9435    0.9423    0.6974   0.01687   0.01849         0
    71/199       35G   0.02199   0.01554         0   0.03753        30      2176    0.7533    0.9442    0.9421    0.6977   0.01688   0.01849         0
    72/199       35G   0.02201   0.01574         0   0.03775        95      2176     0.753    0.9433    0.9414    0.6961   0.01697   0.01856         0
    73/199       35G   0.02211   0.01573         0   0.03785         9      2176    0.7585    0.9423    0.9426     0.698   0.01684   0.01848         0
    74/199       35G   0.02217   0.01604         0   0.03821       270      2176    0.7579    0.9408    0.9425    0.6977   0.01672   0.01845         0
    75/199       35G   0.02193   0.01562         0   0.03756        98      2176    0.7589    0.9418    0.9424    0.6988   0.01674   0.01848         0
    76/199       35G   0.02222   0.01603         0   0.03825       175      2176    0.7661    0.9406    0.9417    0.6984   0.01673   0.01847         0
    77/199       35G   0.02184   0.01597         0    0.0378        16      2176    0.7652    0.9398     0.942    0.6992   0.01673   0.01841         0
    78/199       35G   0.02179   0.01541         0    0.0372        69      2176    0.7621    0.9424    0.9429    0.7005   0.01667   0.01836         0
    79/199       35G   0.02202   0.01589         0   0.03791       107      2176     0.765    0.9403    0.9424    0.6995   0.01672   0.01842         0
    80/199       35G   0.02176   0.01561         0   0.03738        74      2176    0.7566    0.9441    0.9437     0.701   0.01668   0.01839         0
    81/199       35G   0.02159   0.01563         0   0.03722        45      2176    0.7565    0.9435    0.9429    0.7002   0.01671   0.01839         0
    82/199       35G   0.02176   0.01604         0    0.0378        96      2176    0.7546    0.9449     0.944    0.7006   0.01663   0.01838         0
    83/199       35G   0.02181   0.01612         0   0.03793        39      2176    0.7502    0.9454    0.9438    0.7004   0.01663   0.01839         0
    84/199       35G   0.02157    0.0159         0   0.03747        95      2176    0.7552    0.9434     0.943     0.701   0.01661   0.01839         0
    85/199       35G   0.02151   0.01551         0   0.03702       169      2176     0.757    0.9438    0.9428    0.7007   0.01666   0.01842         0
    86/199       35G   0.02151   0.01514         0   0.03665        62      2176    0.7577    0.9455    0.9441     0.702   0.01666   0.01837         0
    87/199       35G   0.02176   0.01587         0   0.03764       135      2176    0.7609    0.9455    0.9444    0.7019   0.01659   0.01833         0
    88/199       35G   0.02195   0.01569         0   0.03764        55      2176    0.7561     0.946    0.9445    0.7017   0.01658   0.01835         0
    89/199       35G   0.02183   0.01585         0   0.03768       138      2176    0.7551    0.9458    0.9441     0.702   0.01651   0.01832         0
    90/199       35G   0.02184   0.01609         0   0.03793       119      2176    0.7481    0.9463     0.944    0.7023   0.01652   0.01833         0
    91/199       35G   0.02168   0.01559         0   0.03727       220      2176    0.7526    0.9459    0.9435    0.7022   0.01655   0.01827         0
    92/199       35G   0.02224   0.01628         0   0.03851       290      2176    0.7543    0.9452    0.9433    0.7029   0.01665   0.01831         0
    93/199       35G   0.02145   0.01554         0   0.03699        78      2176      0.76    0.9438     0.943    0.7025   0.01662    0.0183         0
    94/199       35G   0.02134   0.01569         0   0.03703       128      2176    0.7668    0.9408    0.9429    0.7022   0.01658   0.01828         0
    95/199       35G    0.0213   0.01548         0   0.03678       227      2176    0.7669    0.9415    0.9429    0.7019   0.01655   0.01827         0
    96/199       35G   0.02139    0.0154         0   0.03678       225      2176    0.7639    0.9431    0.9436    0.7024   0.01651   0.01829         0
    97/199       35G   0.02095   0.01528         0   0.03624        65      2176    0.7622    0.9439    0.9438     0.703   0.01647   0.01828         0
    98/199       35G   0.02147   0.01561         0   0.03708        15      2176    0.7643    0.9439    0.9442    0.7028   0.01649   0.01825         0
    99/199       35G   0.02122   0.01548         0   0.03671       147      2176    0.7666    0.9449    0.9447    0.7036   0.01646   0.01823         0
   100/199       35G   0.02075   0.01491         0   0.03566        51      2176    0.7692    0.9453    0.9449    0.7038   0.01643   0.01822         0
   101/199       35G   0.02129   0.01521         0   0.03651        25      2176    0.7699    0.9447    0.9445    0.7033   0.01642   0.01823         0
   102/199       35G   0.02107   0.01549         0   0.03656       150      2176    0.7682    0.9444    0.9447    0.7038   0.01641   0.01822         0
   103/199       35G    0.0209   0.01521         0   0.03611        53      2176    0.7712    0.9438    0.9445    0.7041   0.01642   0.01823         0
   104/199       35G    0.0209   0.01498         0   0.03588       167      2176    0.7725    0.9437    0.9448    0.7038    0.0164   0.01825         0
   105/199       35G   0.02069   0.01498         0   0.03567        66      2176    0.7727    0.9438    0.9451    0.7049   0.01635   0.01825         0
   106/199       35G   0.02089   0.01516         0   0.03606        99      2176    0.7706    0.9451    0.9449    0.7051   0.01636   0.01825         0
   107/199       35G   0.02076     0.015         0   0.03576       123      2176     0.771    0.9449    0.9448    0.7047   0.01637   0.01824         0
   108/199       35G   0.02107   0.01498         0   0.03605        80      2176    0.7728    0.9442    0.9446    0.7052   0.01635   0.01823         0
   109/199       35G   0.02124   0.01531         0   0.03654       109      2176    0.7719    0.9436    0.9443    0.7051   0.01635   0.01823         0
   110/199       35G   0.02106   0.01556         0   0.03662       109      2176    0.7735    0.9433    0.9442     0.705   0.01635   0.01822         0
   111/199       35G   0.02084   0.01496         0    0.0358        72      2176    0.7713    0.9441    0.9443    0.7052   0.01633   0.01821         0
   112/199       35G   0.02075   0.01562         0   0.03637        96      2176    0.7701    0.9439    0.9442    0.7048   0.01634   0.01821         0
   113/199       35G   0.02068    0.0151         0   0.03578       104      2176     0.768    0.9443    0.9438    0.7043   0.01636    0.0182         0
   114/199       35G   0.02057   0.01505         0   0.03562        62      2176    0.7706    0.9441    0.9441    0.7047   0.01635   0.01821         0
   115/199       35G   0.02067   0.01476         0   0.03543        77      2176    0.7712    0.9438    0.9444    0.7049   0.01635    0.0182         0
   116/199       35G   0.02052   0.01469         0   0.03521        38      2176    0.7716    0.9439    0.9444    0.7048   0.01635    0.0182         0
   117/199       35G   0.02039   0.01504         0   0.03543        33      2176    0.7712    0.9431    0.9441    0.7049   0.01634   0.01821         0
   118/199       35G   0.02038    0.0149         0   0.03528        69      2176     0.773    0.9432    0.9442     0.705   0.01632    0.0182         0
   119/199       35G   0.02044    0.0147         0   0.03515       141      2176    0.7738    0.9433    0.9441     0.705   0.01632    0.0182         0
   120/199       35G   0.02045     0.015         0   0.03545       252      2176    0.7733     0.943    0.9442    0.7053   0.01632    0.0182         0
   121/199       35G   0.02029   0.01475         0   0.03504       254      2176    0.7724    0.9435    0.9444    0.7055   0.01632    0.0182         0
   122/199       35G   0.02035   0.01473         0   0.03508        60      2176    0.7745    0.9431    0.9443    0.7051   0.01631    0.0182         0
   123/199       35G   0.02043   0.01503         0   0.03546        44      2176    0.7757    0.9435    0.9444     0.705   0.01629    0.0182         0
   124/199       35G   0.02025   0.01489         0   0.03514        80      2176    0.7758     0.944    0.9445     0.705    0.0163    0.0182         0
   125/199       35G    0.0199   0.01443         0   0.03433        65      2176     0.776    0.9435    0.9443    0.7053   0.01631   0.01821         0
   126/199       35G   0.02044   0.01492         0   0.03535        54      2176     0.774    0.9444    0.9444    0.7055   0.01631    0.0182         0
   127/199       35G   0.02005   0.01435         0   0.03439        30      2176    0.7727    0.9449    0.9442    0.7052   0.01631    0.0182         0
   128/199       35G   0.01984   0.01436         0    0.0342        48      2176    0.7727    0.9455    0.9443    0.7056   0.01632   0.01821         0
   129/199       35G   0.02024   0.01458         0   0.03482        60      2176    0.7729    0.9459    0.9447    0.7054   0.01632   0.01821         0
   130/199       35G   0.01988   0.01431         0   0.03419       127      2176     0.774    0.9455    0.9447    0.7056   0.01633   0.01821         0
   131/199       35G   0.02015   0.01479         0   0.03495        92      2176    0.7744    0.9455    0.9449    0.7054   0.01632   0.01821         0
   132/199       35G   0.02009   0.01476         0   0.03485       144      2176    0.7738     0.946    0.9447    0.7057    0.0163   0.01822         0
   133/199       35G   0.02002   0.01439         0   0.03441       139      2176    0.7734    0.9463    0.9447    0.7055   0.01629   0.01823         0
   134/199       35G   0.01988    0.0147         0   0.03458        91      2176    0.7743    0.9461    0.9447    0.7056   0.01629   0.01823         0
   135/199       35G   0.01999   0.01447         0   0.03446       179      2176     0.774    0.9458    0.9447    0.7057   0.01628   0.01824         0
   136/199       35G   0.01998   0.01471         0   0.03469        83      2176    0.7736    0.9457    0.9446    0.7058   0.01627   0.01824         0
   137/199       35G   0.01981   0.01459         0    0.0344       201      2176    0.7744    0.9458    0.9448    0.7055   0.01628   0.01824         0
   138/199       35G   0.01991   0.01455         0   0.03446        21      2176    0.7745    0.9454    0.9448    0.7054   0.01628   0.01824         0
   139/199       35G   0.01947   0.01387         0   0.03333       207      2176    0.7756    0.9452     0.945    0.7055   0.01628   0.01824         0
   140/199       35G   0.01964   0.01407         0    0.0337       112      2176    0.7755    0.9448    0.9448    0.7056   0.01627   0.01824         0
   141/199       35G   0.01958    0.0143         0   0.03388        46      2176    0.7764     0.945    0.9449    0.7057   0.01627   0.01825         0
   142/199       35G   0.01979   0.01433         0   0.03412        79      2176    0.7769     0.945    0.9448    0.7056   0.01627   0.01825         0
   143/199       35G   0.01965   0.01454         0   0.03419        80      2176    0.7761    0.9447    0.9449    0.7055   0.01627   0.01825         0
   144/199       35G   0.01959   0.01428         0   0.03387        12      2176    0.7767    0.9448    0.9448    0.7053   0.01628   0.01825         0
   145/199       35G   0.01971   0.01423         0   0.03394        27      2176    0.7771    0.9445    0.9448    0.7052   0.01628   0.01826         0
   146/199       35G   0.01958   0.01422         0    0.0338       170      2176     0.778    0.9443    0.9447    0.7053   0.01628   0.01827         0
   147/199       35G   0.01951   0.01425         0   0.03376        68      2176    0.7781    0.9441    0.9446    0.7051   0.01628   0.01826         0
   148/199       35G   0.01954    0.0144         0   0.03395       114      2176    0.7783    0.9444    0.9449    0.7051   0.01628   0.01827         0
   149/199       35G   0.01925   0.01424         0   0.03349        20      2176    0.7778    0.9447    0.9449    0.7052   0.01628   0.01827         0
   150/199       35G   0.01921   0.01391         0   0.03312        63      2176    0.7777    0.9444    0.9448    0.7051   0.01629   0.01827         0
   151/199       35G   0.01903   0.01393         0   0.03296       305      2176    0.7785    0.9442    0.9447    0.7052   0.01629   0.01828         0
   152/199       35G   0.01951   0.01406         0   0.03357        67      2176     0.779    0.9444    0.9447    0.7054   0.01629   0.01828         0
   153/199       35G   0.01915   0.01398         0   0.03313        71      2176    0.7791    0.9442    0.9448    0.7054   0.01629   0.01828         0
   154/199       35G    0.0189   0.01371         0   0.03261        89      2176    0.7789    0.9441    0.9446    0.7052    0.0163   0.01828         0
   155/199       35G   0.01932   0.01417         0    0.0335       178      2176    0.7788    0.9438    0.9446    0.7051   0.01631   0.01829         0
   156/199       35G     0.019   0.01365         0   0.03266       110      2176    0.7793     0.944    0.9447    0.7049   0.01631   0.01829         0
   157/199       35G   0.01912   0.01393         0   0.03305        79      2176    0.7791     0.944    0.9449    0.7048   0.01631    0.0183         0
   158/199       35G   0.01918   0.01384         0   0.03302       124      2176    0.7793    0.9436    0.9448     0.705   0.01632    0.0183         0
   159/199       35G   0.01923   0.01409         0   0.03332        96      2176    0.7791    0.9434    0.9447    0.7048   0.01632   0.01831         0
   160/199       35G   0.01917   0.01416         0   0.03333        91      2176    0.7794    0.9435    0.9447    0.7048   0.01632   0.01831         0
   161/199       35G    0.0191   0.01396         0   0.03307        35      2176    0.7793    0.9435    0.9446    0.7047   0.01633   0.01831         0
   162/199       35G   0.01907    0.0139         0   0.03297        70      2176    0.7796    0.9433    0.9447    0.7046   0.01633   0.01831         0
   163/199       35G    0.0193    0.0141         0    0.0334       154      2176    0.7798    0.9432    0.9446    0.7046   0.01634   0.01832         0
   164/199       35G   0.01911   0.01388         0   0.03299       125      2176    0.7798    0.9431    0.9446    0.7046   0.01634   0.01832         0
   165/199       35G   0.01894   0.01397         0   0.03292        56      2176    0.7803     0.943    0.9447    0.7047   0.01634   0.01832         0
   166/199       35G   0.01896   0.01384         0    0.0328        87      2176    0.7804    0.9432    0.9448    0.7045   0.01634   0.01832         0
   167/199       35G   0.01877   0.01383         0    0.0326       221      2176    0.7803    0.9432    0.9446    0.7044   0.01634   0.01833         0
   168/199       35G   0.01866   0.01348         0   0.03214        48      2176    0.7807    0.9435    0.9448    0.7045   0.01635   0.01833         0
   169/199       35G   0.01913   0.01407         0   0.03321        73      2176    0.7806    0.9434    0.9446    0.7044   0.01635   0.01833         0
   170/199       35G   0.01895   0.01397         0   0.03292        31      2176    0.7805    0.9433    0.9445    0.7044   0.01635   0.01834         0
   171/199       35G   0.01856   0.01343         0   0.03199       127      2176     0.781    0.9433    0.9446    0.7045   0.01635   0.01834         0
   172/199       35G   0.01874   0.01372         0   0.03245       239      2176    0.7811    0.9431    0.9445    0.7045   0.01635   0.01835         0
   173/199       35G   0.01833   0.01357         0    0.0319        24      2176    0.7814    0.9431    0.9444    0.7044   0.01635   0.01835         0
   174/199       35G   0.01868   0.01354         0   0.03222        87      2176    0.7819    0.9431    0.9444    0.7042   0.01635   0.01835         0
   175/199       35G   0.01885   0.01347         0   0.03233        65      2176    0.7821    0.9427    0.9444    0.7042   0.01635   0.01836         0
   176/199       35G   0.01872   0.01393         0   0.03265        47      2176    0.7826    0.9427    0.9444    0.7042   0.01635   0.01836         0
   177/199       35G   0.01865   0.01382         0   0.03247        17      2176    0.7825     0.943    0.9445    0.7042   0.01635   0.01836         0
   178/199       35G   0.01858   0.01343         0     0.032       313      2176    0.7824    0.9429    0.9444    0.7044   0.01636   0.01837         0
   179/199       35G   0.01851   0.01361         0   0.03212        49      2176     0.783     0.943    0.9445    0.7044   0.01636   0.01838         0
   180/199       35G   0.01875    0.0136         0   0.03235       110      2176    0.7835     0.943    0.9445    0.7044   0.01636   0.01838         0
   181/199       35G   0.01838   0.01319         0   0.03157         6      2176    0.7833    0.9429    0.9445    0.7043   0.01636   0.01838         0
   182/199       35G   0.01848   0.01361         0   0.03208        61      2176    0.7831    0.9428    0.9445    0.7043   0.01636   0.01839         0
   183/199       35G   0.01866   0.01391         0   0.03257       125      2176     0.783    0.9429    0.9446    0.7044   0.01636   0.01839         0
   184/199       35G   0.01876    0.0136         0   0.03237       121      2176    0.7829    0.9429    0.9445    0.7044   0.01636   0.01839         0
   185/199       35G    0.0186   0.01359         0   0.03219        49      2176    0.7833    0.9429    0.9445    0.7045   0.01636   0.01839         0
   186/199       35G   0.01864   0.01378         0   0.03242        64      2176    0.7838    0.9427    0.9446    0.7044   0.01636    0.0184         0
   187/199       35G   0.01894   0.01384         0   0.03279        24      2176    0.7837    0.9426    0.9446    0.7043   0.01637    0.0184         0
   188/199       35G   0.01848   0.01364         0   0.03212       236      2176    0.7835    0.9424    0.9446    0.7042   0.01637    0.0184         0
   189/199       35G   0.01855   0.01347         0   0.03202       131      2176    0.7842    0.9425    0.9445    0.7043   0.01637   0.01841         0
   190/199       35G   0.01841   0.01353         0   0.03194       133      2176    0.7846    0.9425    0.9446    0.7042   0.01637   0.01841         0
   191/199       35G   0.01842   0.01331         0   0.03173        68      2176    0.7841    0.9424    0.9445    0.7043   0.01638   0.01841         0
   192/199       35G   0.01805   0.01303         0   0.03108        65      2176    0.7847    0.9427    0.9445    0.7043   0.01638   0.01842         0
   193/199       35G   0.01841   0.01368         0   0.03209        31      2176    0.7848    0.9424    0.9445    0.7041   0.01638   0.01842         0
   194/199       35G   0.01826   0.01312         0   0.03138        52      2176    0.7853    0.9423    0.9445    0.7042   0.01638   0.01842         0
   195/199       35G   0.01836   0.01337         0   0.03173        95      2176    0.7855    0.9423    0.9445     0.704   0.01639   0.01843         0
   196/199       35G   0.01862   0.01362         0   0.03224        48      2176    0.7859    0.9422    0.9445    0.7041   0.01639   0.01843         0
   197/199       35G   0.01832   0.01341         0   0.03173       191      2176    0.7863    0.9424    0.9446    0.7041   0.01639   0.01843         0
   198/199       35G   0.01823   0.01281         0   0.03104       103      2176    0.7864    0.9422    0.9445    0.7041    0.0164   0.01844         0
   199/199       35G   0.01816   0.01325         0   0.03142       100      2176    0.7866    0.9422    0.9445     0.704    0.0164   0.01844         0
