      0/99     16.9G    0.0672   0.07474         0    0.1419       209      1280    0.9541     0.634    0.7761    0.5487   0.05314   0.03849         0
      1/99     19.4G   0.04699   0.06777         0    0.1148       106      1280    0.9277     0.834    0.9086    0.6346   0.03977   0.03808         0
      2/99     19.4G   0.04176   0.06483         0    0.1066       173      1280    0.9194    0.8189    0.9066    0.6337   0.03936   0.04034         0
      3/99     19.4G   0.03744   0.06241         0   0.09985        79      1280    0.9163    0.8263    0.9098    0.6849   0.03249   0.04189         0
      4/99     19.4G   0.03478    0.0618         0   0.09659        22      1280    0.8995    0.8792    0.9229    0.7118   0.03097   0.04545         0
      5/99     19.4G   0.03334   0.05973         0   0.09307        97      1280    0.8967    0.9169     0.947     0.715   0.02972   0.04631         0
      6/99     19.4G   0.03297   0.05963         0   0.09261       128      1280    0.9233    0.9094    0.9464     0.725   0.02787   0.05019         0
      7/99     19.4G   0.03237    0.0586         0   0.09097       101      1280    0.9446    0.9019    0.9607    0.7435   0.02626   0.04981         0
      8/99     19.4G    0.0321   0.05678         0   0.08888        66      1280    0.9642    0.9245    0.9694    0.7486   0.02532   0.05195         0
      9/99     19.4G   0.03158   0.05699         0   0.08857        13      1280    0.9682    0.9434     0.965    0.7502   0.02577    0.0544         0
     10/99     19.4G   0.03146   0.05613         0   0.08759        38      1280    0.9879    0.9358    0.9782    0.7626   0.02441   0.05302         0
     11/99     19.4G   0.03133   0.05601         0   0.08734        17      1280    0.9722    0.9245    0.9676    0.7487   0.02538   0.05561         0
     12/99     19.4G   0.03115   0.05611         0   0.08725       107      1280     0.966    0.9659    0.9853    0.7839   0.02368   0.05573         0
     13/99     19.4G   0.03077   0.05509         0   0.08586        47      1280    0.9845    0.9585    0.9869    0.7966   0.02221   0.05424         0
     14/99     19.4G   0.03057   0.05482         0   0.08539        92      1280    0.9842    0.9396    0.9847     0.783   0.02277   0.05685         0
     15/99     19.4G   0.03074   0.05538         0   0.08612       130      1280    0.9847    0.9736    0.9884    0.8017    0.0215   0.05515         0
     16/99     19.4G   0.03047   0.05483         0    0.0853        64      1280    0.9625    0.9698    0.9894     0.798   0.02197   0.05765         0
     17/99     19.4G   0.03039   0.05384         0   0.08423        59      1280    0.9809    0.9698    0.9923    0.8224   0.02059   0.05414         0
     18/99     19.4G   0.03012   0.05425         0   0.08437       216      1280    0.9923    0.9735     0.987    0.8173   0.02139   0.05567         0
     19/99     19.4G   0.03003   0.05404         0   0.08408       109      1280     0.977    0.9622    0.9918    0.8312   0.01994   0.05725         0
     20/99     19.4G   0.02995    0.0537         0   0.08365       107      1280    0.9884     0.966    0.9916    0.8255   0.02023   0.05617         0
     21/99     19.4G   0.02993   0.05394         0   0.08387        72      1280    0.9846    0.9698    0.9934    0.8244   0.02069    0.0564         0
     22/99     19.4G   0.02969    0.0532         0   0.08289       107      1280    0.9884     0.966    0.9901    0.8168   0.02017   0.05812         0
     23/99     19.4G   0.02972   0.05307         0   0.08278       247      1280    0.9922     0.966    0.9879    0.8309   0.01986   0.05641         0
     24/99     19.4G   0.02935   0.05265         0   0.08201        78      1280    0.9884     0.966    0.9917    0.8247   0.02002   0.05794         0
     25/99     19.4G   0.02949   0.05242         0   0.08191        78      1280    0.9701    0.9811    0.9932    0.8301   0.01958   0.05759         0
     26/99     19.4G   0.02929   0.05265         0   0.08195       150      1280    0.9961    0.9735    0.9943    0.8243   0.02009   0.05641         0
     27/99     19.4G   0.02925   0.05177         0   0.08102        83      1280    0.9923    0.9811    0.9919    0.8367    0.0191   0.05553         0
     28/99     19.4G   0.02914   0.05138         0   0.08052       105      1280    0.9924    0.9811    0.9949    0.8362   0.01879   0.05906         0
     29/99     19.4G   0.02919   0.05217         0   0.08136       157      1280         1    0.9698    0.9946    0.8346   0.02001   0.05733         0
     30/99     19.4G   0.02903   0.05221         0   0.08125        64      1280    0.9924    0.9849     0.995    0.8471   0.01892    0.0577         0
     31/99     19.4G   0.02891   0.05189         0    0.0808        78      1280    0.9962    0.9887    0.9959    0.8551   0.01811   0.05704         0
     32/99     19.4G   0.02882   0.05126         0   0.08008       109      1280         1    0.9887    0.9956    0.8521   0.01841   0.05853         0
     33/99     19.4G   0.02861   0.05089         0    0.0795        76      1280    0.9886    0.9849    0.9954    0.8503   0.01825   0.05866         0
     34/99     19.4G    0.0288   0.05071         0   0.07951        63      1280         1    0.9849    0.9964    0.8483   0.01831   0.05938         0
     35/99     19.4G    0.0286   0.05137         0   0.07996        52      1280         1    0.9924    0.9963    0.8575    0.0173   0.05952         0
     36/99     19.4G   0.02874   0.05072         0   0.07946       183      1280    0.9962    0.9925    0.9961    0.8499   0.01814   0.06119         0
     37/99     19.4G   0.02845   0.05049         0   0.07894       144      1280    0.9962    0.9925    0.9965    0.8581   0.01703   0.06047         0
     38/99     19.4G   0.02845   0.05108         0   0.07954       105      1280    0.9962    0.9924    0.9957    0.8538   0.01742   0.06072         0
     39/99     19.4G   0.02838   0.05014         0   0.07851        57      1280    0.9962    0.9924    0.9958    0.8578   0.01772   0.05924         0
     40/99     19.4G   0.02822   0.04992         0   0.07813        93      1280         1    0.9924    0.9958    0.8581   0.01789   0.05924         0
     41/99     19.4G   0.02803   0.05007         0    0.0781        79      1280         1    0.9925    0.9958    0.8595   0.01719   0.06039         0
     42/99     19.4G     0.028   0.04952         0   0.07752        39      1280         1    0.9887    0.9964     0.862   0.01702   0.06092         0
     43/99     19.4G   0.02819   0.04989         0   0.07808        92      1280         1    0.9923    0.9959    0.8611   0.01734   0.05951         0
     44/99     19.4G   0.02789   0.04862         0   0.07651       135      1280         1    0.9849    0.9955    0.8609    0.0174   0.06025         0
     45/99     19.4G   0.02787    0.0484         0   0.07627       186      1280    0.9962    0.9887    0.9959    0.8682    0.0164   0.06025         0
     46/99     19.4G   0.02803   0.04929         0   0.07732        83      1280         1    0.9962    0.9966     0.865    0.0164   0.06184         0
     47/99     19.4G   0.02775   0.04905         0    0.0768       208      1280         1    0.9962    0.9968    0.8698   0.01661   0.06166         0
     48/99     19.4G   0.02785   0.04909         0   0.07694       104      1280         1    0.9962     0.996    0.8734   0.01642   0.06255         0
     49/99     19.4G   0.02767    0.0483         0   0.07597        94      1280         1    0.9962    0.9956    0.8719   0.01629   0.06173         0
     50/99     19.4G   0.02758   0.04846         0   0.07604       186      1280         1    0.9962    0.9961    0.8757   0.01602   0.06099         0
     51/99     19.4G   0.02747    0.0485         0   0.07597        14      1280    0.9962    0.9962    0.9962    0.8758   0.01618   0.06319         0
     52/99     19.4G   0.02752   0.04849         0   0.07601        69      1280    0.9925    0.9962    0.9969     0.878   0.01586   0.06262         0
     53/99     19.4G   0.02742   0.04828         0   0.07569       107      1280         1    0.9962    0.9969    0.8745   0.01575   0.06447         0
     54/99     19.4G   0.02744   0.04881         0   0.07625        69      1280         1    0.9962     0.997    0.8761   0.01561   0.06341         0
     55/99     19.4G   0.02739   0.04783         0   0.07522        60      1280         1    0.9962    0.9962    0.8779   0.01538   0.06341         0
     56/99     19.4G   0.02717   0.04789         0   0.07506        62      1280         1    0.9962    0.9962    0.8771    0.0154   0.06337         0
     57/99     19.4G   0.02724   0.04727         0    0.0745       100      1280    0.9999    0.9962     0.996    0.8838   0.01548    0.0643         0
     58/99     19.4G    0.0271   0.04785         0   0.07495        33      1280    0.9999    0.9962     0.996    0.8842   0.01536   0.06436         0
     59/99     19.4G   0.02685   0.04714         0   0.07399       162      1280         1    0.9962    0.9961    0.8787   0.01544   0.06425         0
     60/99     19.4G   0.02698   0.04741         0   0.07439       167      1280         1    0.9962    0.9963    0.8822   0.01532   0.06342         0
     61/99     19.4G     0.027   0.04743         0   0.07443       152      1280         1    0.9962    0.9974    0.8875   0.01527   0.06318         0
     62/99     19.4G   0.02694   0.04634         0   0.07327        98      1280         1    0.9962    0.9966    0.8855   0.01514   0.06432         0
     63/99     19.4G   0.02665   0.04658         0   0.07323       111      1280         1    0.9962    0.9966     0.887   0.01502   0.06466         0
     64/99     19.4G   0.02668   0.04743         0   0.07411       155      1280         1    0.9962    0.9965     0.887   0.01482   0.06529         0
     65/99     19.4G   0.02657   0.04678         0   0.07335       102      1280         1    0.9962    0.9964    0.8888   0.01476   0.06536         0
     66/99     19.4G   0.02658   0.04622         0    0.0728       124      1280         1    0.9962    0.9965    0.8918   0.01451   0.06542         0
     67/99     19.4G   0.02658   0.04632         0    0.0729       137      1280         1    0.9962    0.9966    0.8915   0.01436   0.06708         0
     68/99     19.4G   0.02652   0.04626         0   0.07278        43      1280         1    0.9962    0.9967    0.8914   0.01443   0.06645         0
     69/99     19.4G   0.02651   0.04579         0    0.0723        77      1280         1    0.9962    0.9967    0.8911    0.0144   0.06581         0
     70/99     19.4G   0.02633   0.04575         0   0.07208       110      1280         1    0.9962    0.9965    0.8933    0.0145   0.06537         0
     71/99     19.4G   0.02633   0.04513         0   0.07146       120      1280         1    0.9962    0.9964    0.8925   0.01442   0.06542         0
     72/99     19.4G   0.02606    0.0458         0   0.07185       148      1280         1    0.9962    0.9964    0.8924   0.01428   0.06614         0
     73/99     19.4G   0.02594   0.04513         0   0.07107       176      1280         1    0.9962    0.9964    0.8917   0.01422   0.06681         0
     74/99     19.4G   0.02601   0.04554         0   0.07154        11      1280         1    0.9962    0.9964    0.8962   0.01407   0.06662         0
     75/99     19.4G   0.02587   0.04525         0   0.07112        80      1280         1    0.9962    0.9963    0.8965   0.01399   0.06677         0
     76/99     19.4G   0.02587   0.04501         0   0.07089        77      1280    0.9962    0.9962    0.9963    0.8983   0.01395   0.06725         0
     77/99     19.4G    0.0268   0.04617         0   0.07297       111      1280    0.9962    0.9962    0.9964    0.8996   0.01394   0.06686         0
     78/99     19.4G   0.02623   0.04534         0   0.07157        38      1280    0.9962    0.9962    0.9966    0.8968   0.01397   0.06715         0
     79/99     19.4G   0.02603   0.04512         0   0.07115        60      1280    0.9962    0.9962    0.9966    0.8974    0.0141   0.06748         0
     80/99     19.4G   0.02596   0.04487         0   0.07083        71      1280         1    0.9962    0.9966    0.9003   0.01418   0.06741         0
     81/99     19.4G   0.02571   0.04465         0   0.07036        86      1280    0.9999    0.9962    0.9967    0.8991   0.01417   0.06744         0
     82/99     19.4G   0.02572     0.045         0   0.07071        33      1280    0.9962    0.9962    0.9967    0.8999   0.01407    0.0675         0
     83/99     19.4G   0.02561   0.04417         0   0.06977       165      1280    0.9962    0.9962    0.9967    0.8992   0.01383   0.06792         0
     84/99     19.4G   0.02572   0.04441         0   0.07013        71      1280    0.9962    0.9962    0.9966    0.9007    0.0137   0.06788         0
     85/99     19.4G   0.02592    0.0445         0   0.07042        40      1280    0.9962    0.9962    0.9967    0.9015   0.01363   0.06794         0
     86/99     19.4G   0.02555   0.04457         0   0.07011       297      1280    0.9962    0.9962    0.9966     0.902   0.01356   0.06789         0
     87/99     19.4G   0.02556   0.04405         0    0.0696        64      1280    0.9962    0.9962    0.9966    0.9044   0.01339   0.06804         0
     88/99     19.4G   0.02536   0.04417         0   0.06952        43      1280         1    0.9962    0.9967    0.9036   0.01331   0.06815         0
     89/99     19.4G   0.02537   0.04436         0   0.06973       178      1280         1    0.9961    0.9967    0.9025   0.01328    0.0681         0
     90/99     19.4G   0.02522   0.04379         0   0.06901       104      1280    0.9999    0.9962    0.9967    0.9019   0.01326   0.06811         0
     91/99     19.4G   0.02526   0.04343         0   0.06869       167      1280    0.9999    0.9962    0.9966    0.9031   0.01319    0.0682         0
     92/99     19.4G    0.0251   0.04349         0   0.06859       133      1280    0.9999    0.9962    0.9966    0.9037   0.01313   0.06824         0
     93/99     19.4G    0.0251   0.04325         0   0.06834       124      1280    0.9999    0.9962    0.9966    0.9028    0.0131   0.06824         0
     94/99     19.4G   0.02498   0.04317         0   0.06814        65      1280    0.9998    0.9962    0.9966    0.9027   0.01308   0.06827         0
     95/99     19.4G   0.02503   0.04367         0   0.06869        36      1280    0.9962    0.9962    0.9966    0.9019   0.01302   0.06832         0
     96/99     19.4G   0.02497   0.04359         0   0.06856       148      1280    0.9962    0.9962    0.9967    0.9068   0.01294   0.06849         0
     97/99     19.4G   0.02506   0.04357         0   0.06863       101      1280    0.9962    0.9962    0.9967    0.9061   0.01289   0.06849         0
     98/99     19.4G   0.02505   0.04252         0   0.06757        92      1280    0.9962    0.9962    0.9967    0.9067   0.01286   0.06858         0
     99/99     19.4G   0.02491   0.04313         0   0.06804       130      1280    0.9962    0.9962    0.9967    0.9077   0.01279   0.06876         0
