      0/29     40.7G   0.01678  0.007627         0   0.02441         3      2176    0.5453    0.8913    0.8834    0.6995   0.01943   0.01244         0
      1/29     40.3G   0.01375  0.005643         0   0.01939        15      2176    0.6956    0.8906     0.899    0.7226   0.01868   0.01131         0
      2/29     40.3G   0.01433   0.00531         0   0.01964        14      2176    0.7433    0.9208    0.9446    0.7744   0.01545  0.009374         0
      3/29     40.3G   0.01346  0.004578         0   0.01804        19      2176    0.7046    0.9057    0.9149    0.7235   0.01817   0.01026         0
      4/29     40.3G   0.01373  0.004536         0   0.01826        15      2176    0.7772    0.9547    0.9587    0.7699   0.01591  0.008735         0
      5/29     40.3G    0.0163  0.004759         0   0.02106         3      2176    0.8893    0.9698    0.9753    0.6343   0.02462  0.008863         0
      6/29     40.3G   0.01833  0.005329         0   0.02366         4      2176     0.804    0.9094    0.9283    0.6753   0.02106   0.01097         0
      7/29     40.3G   0.02004  0.005387         0   0.02542        16      2176    0.8271    0.9509    0.9611    0.7703   0.01756  0.009354         0
      8/29     40.3G   0.01734   0.00531         0   0.02265         8      2176     0.852    0.9094    0.9378    0.6942   0.01886   0.01055         0
      9/29     40.3G   0.01757  0.005124         0    0.0227         6      2176    0.8656    0.8604    0.9112    0.6801   0.02008   0.01103         0
     10/29     40.3G   0.01883  0.005167         0     0.024        11      2176    0.8059    0.9434    0.9632    0.7061   0.01833  0.009641         0
     11/29     40.3G    0.0162   0.00474         0   0.02094         2      2176    0.8624    0.9698    0.9745    0.7614   0.01714  0.008736         0
     12/29     40.3G   0.01873   0.00526         0   0.02399         8      2176    0.7907    0.9547    0.9621    0.6955   0.01942  0.008985         0
     13/29     40.3G   0.01596  0.004402         0   0.02036         6      2176    0.8357    0.9788    0.9825    0.7483   0.01702  0.007858         0
     14/29     40.3G   0.01624  0.004728         0   0.02096         3      2176    0.8636    0.9698    0.9839    0.7762   0.01505  0.007863         0
     15/29     40.3G   0.01438  0.004515         0   0.01889         9      2176    0.8639    0.9811    0.9846    0.7903   0.01442   0.00756         0
     16/29     40.3G   0.01543  0.005091         0   0.02052        29      2176    0.8124    0.9774     0.984    0.8109   0.01413  0.007158         0
     17/29     40.3G   0.01333  0.003962         0   0.01729        11      2176     0.796    0.9321    0.9535    0.7563   0.01637  0.008829         0
     18/29     40.3G   0.01394  0.004763         0   0.01871         8      2176    0.8657    0.9698    0.9806    0.8304   0.01295  0.007278         0
     19/29     40.3G   0.01206   0.00406         0   0.01612         2      2176    0.9136    0.9736    0.9823    0.8373    0.0121  0.006724         0
     20/29     40.3G   0.01218  0.004171         0   0.01635         3      2176    0.9223    0.9774    0.9846    0.8377    0.0124  0.006498         0
     21/29     40.3G   0.01172  0.004269         0   0.01599        15      2176     0.903    0.9849    0.9917    0.8546   0.01144  0.006305         0
     22/29     40.3G    0.0113  0.003858         0   0.01516         3      2176    0.9415    0.9925    0.9936    0.8693   0.01067   0.00596         0
     23/29     40.3G   0.01033   0.00333         0   0.01366        12      2176    0.8962    0.9925    0.9937    0.8771   0.01016  0.005707         0
     24/29     40.3G   0.01045  0.003895         0   0.01434         3      2176    0.9237    0.9887     0.994    0.8897  0.009867  0.005418         0
     25/29     40.3G  0.009578  0.003429         0   0.01301        13      2176    0.8723    0.9925    0.9939    0.8898  0.009809  0.005499         0
     26/29     40.3G  0.009854  0.003327         0   0.01318        22      2176    0.9005    0.9902    0.9938    0.8921  0.009688  0.005526         0
     27/29     40.3G  0.009334  0.003514         0   0.01285         3      2176     0.918    0.9887    0.9923    0.8926  0.009625  0.005323         0
     28/29     40.3G  0.009619  0.003464         0   0.01308         9      2176     0.914    0.9887    0.9934    0.8992  0.009117  0.005242         0
     29/29     40.3G  0.009076  0.003528         0    0.0126         4      2176     0.921    0.9887    0.9939    0.8997  0.009099  0.005091         0
