      0/29     40.7G   0.01756  0.008012         0   0.02557         3      2176    0.6101    0.8679    0.8718    0.6912   0.01893   0.01304         0
      1/29     40.3G   0.01416  0.005891         0   0.02005        15      2176    0.6999    0.9132    0.9202    0.7207   0.01767   0.01109         0
      2/29     40.3G   0.01369  0.005296         0   0.01898        14      2176    0.7373    0.9472     0.959    0.7761   0.01481  0.009236         0
      3/29     40.3G    0.0132  0.004517         0   0.01772        19      2176    0.8193    0.9132    0.9458    0.7662   0.01597  0.009581         0
      4/29     40.3G    0.0141  0.004648         0   0.01875        15      2176    0.7588     0.883    0.9084    0.6827   0.02058   0.01131         0
      5/29     40.3G   0.01676  0.005007         0   0.02177         3      2176    0.8278    0.9057    0.9398    0.6538   0.02299   0.01028         0
      6/29     40.3G   0.01727  0.005147         0   0.02242         4      2176    0.7826    0.9509    0.9611    0.7006   0.01931  0.009587         0
      7/29     40.3G   0.01888  0.005385         0   0.02427        16      2176    0.8421    0.9245    0.9573    0.7604   0.01846  0.009651         0
      8/29     40.3G   0.01783  0.005527         0   0.02336         8      2176    0.8004    0.9283    0.9387     0.697   0.01897   0.01051         0
      9/29     40.3G   0.01732  0.005261         0   0.02258         6      2176    0.7591     0.966    0.9713    0.7743   0.01582  0.008351         0
     10/29     40.3G   0.01788  0.005247         0   0.02313        11      2176    0.8134    0.9472    0.9593    0.7148   0.01932  0.009282         0
     11/29     40.3G   0.01728  0.004803         0   0.02208         2      2176    0.7253    0.9774    0.9744    0.7409   0.01881  0.008872         0
     12/29     40.3G   0.01725  0.005223         0   0.02248         8      2176    0.8618    0.8792    0.9017    0.6804   0.02054   0.01154         0
     13/29     40.3G   0.01542   0.00447         0   0.01989         6      2176    0.8577    0.9283    0.9453    0.7411   0.01685  0.009448         0
     14/29     40.3G   0.01513  0.004873         0      0.02         3      2176    0.8599    0.9396    0.9625    0.7558    0.0163  0.008771         0
     15/29     40.3G   0.01365  0.004427         0   0.01807         9      2176    0.7984    0.9736    0.9795    0.7598   0.01615  0.008164         0
     16/29     40.3G   0.01479  0.005164         0   0.01995        29      2176    0.8223    0.9698    0.9759    0.7886   0.01491  0.008072         0
     17/29     40.3G   0.01264   0.00395         0   0.01659        11      2176    0.7074     0.966    0.9665    0.7832   0.01595  0.008353         0
     18/29     40.3G   0.01402  0.004769         0   0.01878         8      2176    0.8213    0.9358    0.9486    0.7765   0.01582  0.008993         0
     19/29     40.3G   0.01218  0.004132         0   0.01631         2      2176    0.8905    0.9358    0.9576    0.7846   0.01543  0.008784         0
     20/29     40.3G    0.0117  0.004102         0    0.0158         3      2176    0.8684    0.9811    0.9869    0.8484   0.01251  0.006309         0
     21/29     40.3G    0.0113  0.004275         0   0.01558        15      2176    0.8981    0.9811    0.9892    0.8691   0.01168  0.006138         0
     22/29     40.3G   0.01135   0.00391         0   0.01526         3      2176    0.8746    0.9849    0.9885    0.8602   0.01173  0.006222         0
     23/29     40.3G  0.009822  0.003274         0    0.0131        12      2176    0.8574    0.9925    0.9939    0.8776   0.01081  0.005863         0
     24/29     40.3G   0.01047  0.003948         0   0.01442         3      2176    0.8872    0.9925     0.994    0.8827   0.01049  0.005569         0
     25/29     40.3G  0.009542  0.003366         0   0.01291        13      2176    0.8498    0.9925    0.9935    0.8855   0.01026  0.005559         0
     26/29     40.3G  0.009618  0.003288         0   0.01291        22      2176    0.9044    0.9849    0.9924    0.8913  0.009941  0.005324         0
     27/29     40.3G  0.009368  0.003578         0   0.01295         3      2176    0.9288    0.9774    0.9914    0.8855   0.01021  0.005509         0
     28/29     40.3G  0.009859  0.003609         0   0.01347         9      2176    0.8884    0.9925    0.9938    0.8939  0.009692  0.005383         0
     29/29     40.3G  0.009301  0.003666         0   0.01297         4      2176    0.8975    0.9925    0.9942    0.8927  0.009559  0.005232         0
